1000
406
227
108
131
836
221
955
550
232
31
905
284
805
197
520
691
861
554
637
939
320
220
760
849
514
977
592
478
797
621
402
936
430
480
578
613
356
618
339
582
616
111
924
487
51
145
600
408
945
275
623
787
932
255
358
327
448
893
970
78
999
293
271
219
910
777
791
878
490
139
445
192
304
845
972
723
619
239
84
586
655
699
968
648
925
38
629
922
627
813
817
248
692
622
986
260
475
466
321
194
888
646
409
16
467
919
566
562
855
746
710
625
455
127
258
865
883
124
738
54
97
518
183
639
283
88
987
71
559
750
763
346
300
734
56
640
730
700
101
546
268
180
690
37
251
17
994
799
749
816
811
214
407
434
638
740
59
558
904
398
196
978
46
7
729
120
833
576
13
379
632
332
860
432
375
722
545
123
297
160
643
465
209
837
224
115
252
326
312
751
851
575
405
683
247
102
863
205
981
301
310
847
68
199
378
976
485
369
62
973
708
536
549
537
496
989
169
374
63
947
724
429
504
66
595
686
261
316
571
178
966
876
444
414
929
793
257
821
393
433
890
9
689
641
642
870
463
412
125
482
418
552
711
779
249
279
757
721
610
935
203
602
980
81
477
786
609
489
86
347
917
651
996
231
494
938
675
137
561
21
874
754
383
403
515
706
341
991
396
620
187
45
426
885
819
937
309
934
579
511
557
653
899
570
498
112
233
299
122
401
509
410
47
877
764
671
52
615
951
441
823
522
265
26
680
457
157
456
390
336
507
508
880
804
400
914
34
843
117
427
134
144
685
65
277
156
24
105
387
278
361
767
611
469
560
274
591
703
135
780
385
146
532
903
229
411
875
198
567
961
631
15
714
245
30
744
40
421
365
384
216
450
659
662
752
3
510
830
544
303
669
784
649
57
882
975
404
185
289
856
827
628
862
588
495
272
132
868
89
499
796
211
781
501
815
394
674
534
820
657
834
492
4
824
776
957
355
964
318
200
864
413
881
790
18
302
121
373
307
328
715
392
563
540
75
335
747
739
785
788
12
338
138
349
114
472
909
287
366
841
93
439
539
605
670
667
314
941
225
5
992
765
553
323
428
948
452
14
933
525
831
737
74
916
943
186
792
573
424
329
460
168
109
664
995
206
35
807
993
344
584
167
527
636
319
98
794
142
376
333
42
188
368
76
296
151
990
372
551
481
913
832
768
104
743
44
343
85
479
668
745
1
147
679
775
531
474
848
907
33
923
530
165
130
660
72
425
693
601
451
709
607
290
222
526
695
626
516
291
107
959
958
458
83
155
542
29
519
606
698
397
758
253
705
161
491
267
953
2
263
367
377
687
317
866
497
547
91
789
362
230
25
305
634
879
246
141
949
753
577
468
163
459
871
153
103
154
370
701
399
23
543
569
665
298
513
612
39
728
342
337
443
884
759
282
70
853
696
624
454
589
713
564
647
908
581
422
322
250
345
61
906
55
207
614
195
116
202
748
726
718
731
681
330
593
129
658
771
99
437
742
889
505
189
783
517
850
311
73
462
113
423
453
60
363
512
244
969
226
415
119
285
521
67
264
27
288
900
585
87
190
162
633
381
594
32
96
673
912
803
470
630
761
720
143
276
741
974
391
599
48
286
164
911
963
682
269
580
604
946
598
173
238
500
766
617
844
814
447
461
218
256
942
697
555
839
193
940
359
548
94
170
944
772
795
262
106
280
835
902
270
484
930
736
892
927
36
818
677
984
240
110
756
802
688
431
483
273
529
8
852
541
388
204
773
535
100
417
126
228
419
676
645
449
308
918
998
371
241
506
840
446
158
236
174
985
644
210
732
128
440
825
702
635
348
486
716
360
152
983
568
810
471
334
354
572
735
663
774
931
523
133
812
654
556
769
294
886
587
234
603
20
652
177
90
215
315
846
69
82
442
656
854
22
243
464
340
733
704
175
962
254
661
533
822
184
11
64
503
971
242
281
538
50
19
574
954
597
869
331
435
41
259
965
266
295
921
712
590
950
808
719
762
857
386
191
166
292
898
770
678
650
213
717
988
502
324
895
488
828
10
901
891
956
887
666
926
872
960
493
159
149
420
6
727
353
873
608
438
826
389
707
809
684
928
565
436
306
778
395
920
672
179
208
77
136
894
49
583
755
858
237
915
798
171
150
979
800
140
118
182
172
352
806
80
351
95
325
596
313
58
997
801
201
528
967
235
896
28
181
473
350
364
53
1000
92
842
176
782
212
829
43
416
694
897
476
524
982
859
79
838
148
357
725
867
952
380
223
217
382
