10000
1697
9959
4770
9309
8690
7588
3955
7595
9170
4324
9652
3812
6801
5737
6620
747
3441
4664
6051
8575
1707
496
2764
6313
9429
1754
6912
6535
6382
2701
1016
6319
9392
9396
4728
9159
837
8896
1929
8425
9810
3945
4877
401
6646
8668
549
6773
5542
59
9232
8265
8193
3389
1818
5258
5421
5393
9838
4245
9569
6058
8221
9230
3489
7481
798
221
2220
7536
4519
341
9194
1463
1625
8849
9183
6703
57
6411
3717
774
3293
4137
2001
4230
5250
32
2552
994
1237
3233
9010
8597
3617
957
7063
6190
9466
2551
5290
9591
2922
1286
3658
9775
4053
91
6280
5457
7718
6284
7516
8607
4084
7034
3487
6064
3837
4866
5906
9050
6524
3099
2989
8319
8562
8845
2371
4103
4020
1820
5926
7092
3571
4196
949
6552
8899
5995
2309
7941
7308
9663
6661
732
1403
2210
9622
543
652
6865
4998
3578
335
2091
2417
4494
3268
315
1808
2160
898
235
1790
1951
969
5821
8052
9700
2346
8734
9790
4783
7653
2275
6317
2646
7439
4139
6595
7853
9614
4044
4959
9798
9416
2517
8300
3510
2596
3710
5857
6184
4141
1098
6986
7452
7754
7871
2932
9905
8049
4873
8128
7663
7689
1057
2004
1799
6085
9906
9929
1417
3659
5817
8966
7061
951
3343
7864
8877
955
1577
2356
1944
7720
9102
5628
8024
1802
8719
4312
4924
5670
304
7086
5320
2677
3753
3796
8599
799
2542
794
995
125
440
2034
3192
4689
5076
4914
600
2276
9400
1626
8767
2705
6957
175
54
4477
6635
2995
659
4087
8722
3357
2071
5686
4223
9968
2918
5810
4820
1159
5142
4970
9250
2305
2260
323
7463
4892
675
8084
1611
5802
3397
9058
4490
7812
3082
528
5990
5694
4905
5295
4465
2295
4878
1762
1676
3539
5299
6376
5634
1040
8367
2013
2203
442
3989
5267
2737
2576
4374
926
8815
6336
797
624
5696
5414
5813
8397
8870
3550
2024
2804
9319
5204
6796
5620
4999
8261
2174
5464
8050
9764
6430
6120
5454
8434
9556
5080
3316
6576
6653
5742
9922
8011
8819
265
2288
2981
9101
9462
8189
6588
2427
7096
7204
5618
8962
3965
9291
2761
6189
1272
2528
1699
6647
7590
4816
34
7831
6183
7431
9098
2393
1420
9800
7440
4846
7897
8886
1368
3817
2326
5410
1280
827
393
3866
6048
3127
2693
4285
7128
6311
98
3925
2481
1289
6364
1143
4709
9685
2123
5425
1408
4832
4236
2395
5704
1664
970
9025
1553
9610
2755
3514
8655
3726
6129
7966
1568
3841
9742
7054
1267
4808
7912
9604
2117
2473
4431
4652
7793
8486
6446
2825
9321
7052
4822
4976
3051
5847
3483
157
3948
5668
2664
3112
9864
6045
3895
8615
491
6603
7498
93
3942
1622
6637
8280
7438
2706
6460
6561
3792
8745
8929
8373
7462
1902
1142
6165
2152
6417
5022
7622
9858
8001
5509
2398
3011
2515
6770
481
8525
4739
8943
1801
540
3006
7759
2774
2599
1554
2898
8559
2910
8388
2137
2620
1621
9875
5140
8311
1984
6372
1606
8554
2039
3023
1127
36
6044
5103
8273
3288
1460
6181
5571
5386
5862
9874
2535
8766
7822
4767
7341
3270
101
8950
3184
7490
2250
9358
209
7671
5541
5260
1328
9835
9276
4882
8584
670
2956
316
2009
6772
6489
1646
3371
1566
1225
7654
1991
8516
4944
989
2800
6569
4793
3044
4585
9716
1007
9414
363
298
3609
9702
1038
1399
7319
3421
5878
106
5106
1784
8581
434
930
9311
3001
6962
1479
37
530
6761
7891
427
5894
4708
4618
9315
2285
2941
5955
4359
6496
9484
458
4830
9346
6457
2938
4646
1136
8166
5288
2230
5162
192
4495
7374
9896
8664
6741
9107
4746
2650
5584
7103
8508
2976
4168
6104
7882
1778
2301
1972
6529
6293
7446
8563
2940
2734
1053
7339
4881
568
9238
3375
5384
7004
6721
6828
2145
2257
407
1792
5145
6745
2176
8255
9147
8981
1950
7132
6178
1389
5089
8915
2906
8116
7757
2318
9293
5939
7473
6583
86
4445
6216
5913
1643
3884
7723
3655
5215
8901
75
3635
4010
6587
2002
4880
6720
1539
3353
3226
667
3619
394
7866
3050
5788
7302
2658
7434
4004
4758
687
5124
1023
6787
7507
8121
1384
1472
9014
2759
9237
2887
5693
4249
4100
7811
700
9487
6662
9588
4950
6079
7568
741
8495
275
6668
1642
2904
3394
3686
6012
2089
2008
7425
7134
5546
6556
6921
2494
4131
3052
5592
6047
2138
3859
3800
3801
644
47
2889
6004
5439
4800
5897
6812
641
9365
9861
8274
4278
9307
5023
5141
7466
5727
7961
8390
4781
4650
44
3386
3724
8634
7065
7976
7628
2739
8013
7979
2458
848
3991
155
5358
664
1265
3535
8988
8657
7936
6331
3098
1405
3141
8362
7827
130
2025
5621
156
5771
4935
6861
177
5651
9952
4332
4108
9090
9221
2661
9467
7307
4064
7875
9190
884
7680
763
9517
4662
6490
6899
1151
2384
4915
889
2617
3623
773
3555
2443
1300
143
3662
9087
3703
5819
7014
2252
95
8007
6019
5492
334
2990
1575
3140
8393
3580
8122
1602
4474
2308
4742
8244
3369
3823
4946
7761
7862
6731
8539
5530
4254
1215
6485
2732
5763
4691
7172
9239
9653
5858
9498
1234
5575
9039
8330
8151
8984
583
4510
2520
6050
9730
8986
4393
8054
8730
7342
5117
3379
6164
5835
5726
1591
6151
2641
7496
8707
9264
1916
7145
7960
6686
4592
162
2496
7397
8663
1036
6136
7687
7372
5367
5167
1271
2055
8038
9068
6819
328
9576
9353
8941
9270
8838
6066
7108
2862
5907
986
8989
8978
899
8869
904
9374
3420
1433
5890
3632
16
7662
1895
8143
1913
5636
5480
6257
4854
9465
4197
6617
4383
6255
1381
9338
3971
9149
8958
9324
6163
5397
5120
1476
3309
5735
9188
9332
7007
6324
5452
8047
6007
4602
3241
2028
9181
9080
9453
4075
9109
8624
371
4563
1060
8931
2307
4423
3674
3083
6168
9185
3197
6634
2690
8071
4761
3195
7559
4067
3177
5079
8758
1846
8505
2377
713
5505
9410
4400
4543
1524
7644
2676
3754
1736
7210
2883
2015
1428
839
3313
9228
4717
2678
1551
9021
1819
629
7367
968
7783
5992
2273
657
2507
1866
9383
6432
7042
5070
8051
7430
3939
285
4736
515
4965
6433
9065
1052
186
5973
5860
189
4388
9993
8947
3393
6179
25
8574
7157
3320
1958
4954
4317
740
7521
6398
7784
9696
282
146
9815
2493
5828
5761
2850
1421
3209
1297
5972
8398
7773
5138
4211
7399
2433
2463
5977
6585
901
3950
9363
3980
7273
3784
2147
8039
596
2149
287
4584
3384
7681
3411
4704
1322
1088
9725
1513
2720
5364
5087
4171
9447
2418
1155
3743
2284
4520
6235
5656
2406
3154
3436
8392
879
9567
8322
8550
665
1691
7894
7110
7264
5217
6607
7643
4909
9715
1269
2893
5747
7502
4692
147
1388
6483
1037
2023
3693
4191
2012
9376
1733
8097
3100
8828
126
7003
6790
2878
9669
9140
1283
4221
6180
7415
133
9323
6973
5590
8371
7717
4649
6198
5945
812
6464
9747
3294
1160
6682
9566
5174
3735
836
2504
9616
4898
2977
1869
6389
5856
3615
5748
6985
7244
3977
980
5050
4123
333
8921
7448
1412
8586
3544
3354
1396
4219
2266
9777
744
49
1011
5282
916
8342
653
5893
8543
1607
3682
9494
1562
9260
1442
6657
321
7553
3646
6820
9451
6901
9053
8547
230
5101
3273
5392
9339
1056
5185
9756
7016
7100
8813
7950
9698
6850
9648
2684
745
1814
7868
9302
9492
6999
5966
9033
7592
5077
4576
4343
412
6227
5054
2077
1718
3481
6630
650
2445
1146
2754
8726
4014
8202
4381
6514
8086
7626
4570
8558
7154
6283
3838
1065
330
5557
558
4042
7611
3387
3569
30
4839
1103
4701
3111
2974
724
6260
1782
8213
8190
935
3091
3292
673
3657
4424
9404
8136
1301
7738
8705
5170
5960
2310
3899
5488
8833
2274
5743
4479
6146
3572
7130
9329
7678
5899
343
1530
2212
4319
3434
686
8320
2897
913
9785
5148
6385
1547
7810
4734
761
9572
7187
473
3255
6040
6702
6113
4350
8201
7537
8272
784
7327
7807
7309
1677
5039
7751
4092
7608
3310
539
7353
7060
5118
7155
2945
2373
3068
9279
6046
8964
5382
7102
4401
9793
3289
4012
1520
9999
6963
581
983
6272
2868
238
4745
8093
4102
7459
272
8645
5979
5891
9215
4977
2224
2643
6461
3775
4940
2153
1419
3333
9705
7031
802
5373
4577
7690
9172
3418
200
7701
4016
1017
8714
9543
6249
5812
830
8131
8632
9960
9439
5112
8478
5311
6919
7382
637
1150
4638
8580
1048
3254
7024
9112
2698
9830
792
4090
4259
5814
9554
3875
7710
9570
4589
4727
5356
4379
7352
8165
5514
1192
5796
470
8069
5662
6974
8888
5594
8593
82
5041
1378
9645
8004
7389
2048
8937
5085
7522
1112
7280
6528
9668
984
1082
6106
3730
9265
768
1674
6039
7447
449
2423
7739
4642
2545
8420
8529
8305
4180
7140
170
6033
1014
2668
6035
7792
1740
4628
7450
8070
2572
3601
3716
1722
3678
3265
3708
4267
975
9191
8712
3057
1835
8546
7101
8006
6846
8839
6816
2831
9079
8895
3639
3102
227
8797
305
952
5104
9084
1742
7361
1751
4677
7000
1461
9601
9852
4009
4486
6232
5839
9182
1200
420
1276
4573
6103
3405
6717
4752
4482
197
7023
4402
9224
1934
5460
602
4226
2736
3432
535
1987
5933
5617
1107
8799
6478
3783
6764
7639
8659
1054
5303
2167
3225
7292
2924
7395
4591
3523
7685
3652
7370
9957
7175
5265
9942
8195
81
9134
8922
7661
3551
9859
769
2584
6110
7413
7276
6994
4992
64
7948
8055
4780
8085
7560
8775
9950
2743
8636
9549
9118
2053
6836
9173
7441
3892
8928
9054
7825
8666
865
8510
6278
909
8476
8526
38
5109
3014
8266
1506
6486
7410
5314
3818
5918
9000
5194
7068
6913
7952
5517
6505
591
3545
1921
2414
8462
8019
5752
2961
8404
7299
4151
3731
6944
5429
1336
2729
601
7255
7552
5687
4140
3266
2845
3562
3622
9788
623
6061
136
1558
6399
8500
7387
805
3736
6613
402
6128
6928
3798
2245
5700
8245
2382
510
8489
8954
7625
1715
8955
4293
945
3732
2011
9534
7618
6608
7998
5277
4200
513
8456
2527
1356
4222
3505
1263
2069
6240
8258
6771
9275
5568
6506
743
3400
1630
2962
1899
4938
2832
4769
6348
5603
1193
2065
6900
6302
327
1039
3525
8938
8226
6786
9141
6213
6979
764
1327
7349
574
3957
4198
4674
4333
9026
5343
7135
5794
5361
7989
9340
4406
5536
5697
4094
756
1256
6895
7355
4326
4085
3480
2222
5325
4169
9940
9819
7124
5719
4077
7745
651
4889
3059
2206
7480
9721
8215
1896
6931
2723
3822
387
1021
9175
6397
6738
1700
1845
6582
9280
7358
4334
8477
6330
647
7445
3406
4861
4395
9485
8752
6814
8374
2292
5708
4305
3347
8137
5189
8277
965
7240
5682
1448
2783
5149
6590
4031
8684
1167
7115
8610
6208
5755
7885
1724
2464
8377
6859
5921
384
1654
5503
8120
2601
2434
7906
5585
8444
7504
6193
6121
3373
3757
9821
100
9241
1893
1360
9436
1466
3847
1034
7464
2251
9745
5190
553
3415
1089
2524
4407
1868
3936
8913
8227
522
6010
6591
5943
8827
2352
4217
258
8878
6415
5702
158
5340
6909
9297
5456
8407
9249
6857
7053
7806
726
3336
9796
4412
2849
906
7477
4113
1306
8987
2208
3351
7564
2881
4470
7874
6714
8674
8460
3243
312
8496
6856
204
2730
2801
1312
702
8145
9247
1977
4725
9651
5243
3030
174
2107
1773
8451
3509
468
2539
9557
3163
5379
8652
9511
5184
5753
2130
1375
5078
4564
8806
2126
457
729
5234
1145
6926
7645
4347
1609
5321
7329
2751
2242
832
9626
2200
3824
4803
4862
3695
3779
2431
8836
7605
4961
8072
9501
5826
9235
7371
6096
3366
2453
8715
4983
5551
1942
1878
2193
1901
8865
8604
2392
1043
1409
314
3938
8043
9326
5012
352
693
4879
446
8466
5135
3280
5482
9314
4146
8743
7579
2740
7131
9920
1205
897
783
6757
2625
2860
5160
9299
99
1377
6001
8171
5255
1785
7099
5262
4903
796
9965
656
6008
3416
4671
8587
6199
3378
3029
8046
4396
3017
5528
9769
3692
9624
6705
8776
9707
7747
7188
5840
6425
5597
6798
6277
8332
2093
9843
4524
3983
2691
5595
4083
3857
8893
1671
9882
4189
6402
9113
8622
5249
366
5462
138
2695
2925
5519
6431
9166
8252
5610
7105
8777
7691
6465
6841
1178
2787
9441
2184
3040
8973
6575
4521
4588
8991
5760
6
9030
1239
4572
8744
2490
8583
4251
5870
7285
6862
958
2447
8971
967
8996
4528
562
2958
9234
5619
7476
4283
6883
8676
4699
9442
9085
2852
2514
5100
7033
6775
5400
6395
5803
8606
3772
5147
4639
6360
1908
7479
3844
3286
7964
8341
9468
4306
8678
2103
8635
3207
3902
6955
7050
3995
35
7044
9595
8439
1552
850
1334
6024
6328
1593
1636
9356
1361
8951
4320
3067
1497
5671
1683
5635
5801
5930
7932
180
7778
5057
3157
3956
2478
9469
6923
1533
113
5395
3094
194
4885
109
8639
3160
1374
9223
9094
4240
6109
8884
3482
1110
5600
6946
3039
6765
1660
9555
4819
9015
3078
6073
4364
8023
2921
284
8573
6649
2315
2218
1655
2562
9869
5572
5866
5476
3935
9746
9679
5965
7938
7093
5435
748
5441
565
4082
3490
318
7869
5606
2181
7832
2256
8502
5762
5959
7721
6704
9459
9387
1708
2953
176
1863
9160
4
3752
7631
666
5808
1941
8609
3148
834
269
5816
8032
9071
6938
9125
2461
1650
7734
5394
7136
9158
2629
6021
4981
8005
9842
9278
4451
6599
3878
9126
5789
9495
1079
9984
4127
1559
7581
564
8967
5675
9261
9741
6368
9406
2361
5158
7373
3963
3018
4029
5988
2279
1867
2035
2317
9787
4795
720
5423
4962
9908
5911
8437
5447
8623
2243
851
8651
4672
6041
1640
1018
789
9688
2793
4773
7877
7530
3858
5652
7534
9368
4867
8287
4593
5968
6099
1437
9564
526
3675
4530
9759
7275
292
4321
5545
1509
4838
3960
5626
6774
8864
2769
210
4856
6166
9350
2799
6779
2278
661
2963
810
4665
7752
7117
778
2566
1081
1783
3720
4902
5552
677
6736
4096
642
2942
7636
7706
4661
4384
2756
4154
2929
8159
9970
2738
8157
9243
7199
6763
5319
6258
6534
8812
5122
3987
5872
6527
4039
4978
575
1491
6594
2530
3210
6696
1171
4144
1880
4218
4038
4491
3129
6158
4003
9728
4488
9227
4175
4163
5829
497
7766
2902
5713
7129
1925
4199
6834
3326
8033
5329
4363
9917
8585
859
6299
4679
6549
8309
3499
5214
695
3377
9713
1285
413
4427
6011
514
9205
5129
2236
6592
8882
5296
6712
3592
9727
4632
6015
3330
5061
2758
1295
1338
2195
5645
7895
8156
6840
3368
4798
3287
3324
8340
5832
6542
2428
1694
5664
3567
9765
5805
2624
3610
6869
7737
1803
9352
4778
525
4405
9443
2074
1121
3584
218
4440
1185
9770
3472
3677
1124
4684
5198
2544
2510
115
2522
6320
6316
1069
5579
772
6748
9615
1585
5114
1220
6815
465
5732
3003
8848
5768
4518
5946
9665
4232
2144
5281
9731
1758
6338
46
1962
8945
4702
8548
7378
3515
9982
7392
1324
9506
2574
8303
3750
8090
6532
5027
8135
8761
1849
4255
7741
1058
69
7785
7251
1482
8438
6453
8243
1111
5703
2988
1564
6914
383
2762
9422
538
2182
2605
1614
7433
8854
8470
8198
3699
6687
6074
8368
876
7040
2132
1391
6220
6688
3926
3234
1027
1717
5455
9479
2128
1084
1741
1141
8428
8824
9127
3312
7177
5483
1569
2351
8223
1709
3295
72
399
3614
9857
4192
4043
3272
2503
9767
8479
3443
6950
5152
6885
6975
8858
6222
58
2591
4404
3588
8181
8503
8995
2709
1485
8414
9761
1249
8240
8829
1589
8608
127
8204
9072
2920
9508
758
5822
8728
5787
5593
1872
6247
6335
3737
2914
4840
4870
8396
2984
2968
3924
3553
6697
5844
7670
6501
5218
3951
5309
7573
800
3833
7788
5362
1101
9577
1006
2366
2722
1194
3530
8552
1924
8900
8107
3780
5739
5300
2627
7974
6887
6967
3431
7400
8452
7647
241
5111
261
5666
4045
3507
4447
349
9535
4766
7181
5874
1047
9998
8926
736
3464
9023
2114
4857
1617
85
9609
5292
9579
5605
2057
775
7907
196
502
1892
2477
7878
5448
3835
2261
4713
2452
1720
942
2171
1449
3557
3654
2943
2959
6177
5465
4376
1904
7563
9962
678
4698
5151
7474
3540
1890
5409
3906
3986
9257
3223
9295
2439
8567
7686
7808
6995
8412
7317
1854
4872
6808
2006
7195
7010
1727
2302
8315
8818
2087
5916
8875
9064
1964
9002
5413
688
5880
2364
5161
9574
6935
5191
7398
1484
4289
1795
3414
476
1436
5845
6414
1557
2327
6375
4960
3198
8178
3829
1342
5223
4623
9123
7078
2927
6022
6356
9204
5304
345
7700
7362
8113
1483
9370
4587
3407
9914
7915
2178
4656
5798
6123
5020
1152
4596
7253
6377
1887
6111
4513
9806
9597
8436
1305
7669
5843
62
9647
2713
5203
8686
471
3740
8873
8416
809
1500
3364
8147
557
9017
5850
947
5764
3019
3748
7632
1590
5783
869
1688
409
7458
2721
8257
2519
7245
7104
3093
355
9174
4988
4411
9312
7041
4720
550
7192
8034
6426
3219
4845
5871
3260
9581
2459
6898
2173
4875
4700
5278
2058
7582
1983
8286
3174
4371
3631
4723
7250
250
2435
5680
195
4362
9438
6996
3227
7418
7351
643
9784
7420
4104
229
1365
4600
3561
3171
7519
1800
7072
260
8230
7889
1840
5506
8968
2669
2836
5529
4941
2343
4076
3679
6016
8969
9734
3943
7800
8911
167
1940
5895
780
8867
4597
6406
6271
9077
2803
9074
307
9586
523
2031
1123
9860
4897
9184
7002
2475
7898
7318
6014
1874
8183
8301
4824
1918
9691
5539
1883
7619
5849
1068
2299
2347
5647
9306
8289
4418
4428
4851
6659
5978
3811
8961
1598
4281
6890
6735
1281
132
3096
9331
9022
7500
2296
433
6943
5302
567
9571
3151
3181
2538
7417
4931
8210
8219
9780
1586
6818
1571
7428
4349
9008
7227
5445
3802
1238
6221
7168
674
4619
5139
6631
1447
5063
1829
1823
9493
9533
2387
1469
24
3498
4288
5740
5251
310
6724
3449
3186
4269
4258
4705
4177
4900
8127
4789
5954
547
4329
8755
1172
149
5898
8613
2686
5102
3123
9382
8763
785
9510
9318
4369
9659
4337
4473
7278
1076
7221
1490
8326
4810
1102
3092
6459
4106
6070
5171
6874
4484
3879
2180
4586
4633
3189
3164
1919
8874
7097
1512
9608
9676
7724
9093
4922
404
2280
5433
4356
5733
8629
1882
3644
3889
7649
454
202
2741
7809
3855
5853
6683
8742
8075
5800
616
4669
6370
2059
8801
1572
2451
5555
2781
3734
9625
319
2757
56
4540
7075
185
484
9099
5624
3283
4653
6805
4132
7326
6557
4173
3453
4502
9313
26
7876
1523
507
2394
1044
6876
2744
4161
5806
573
5684
309
7219
921
6671
1979
5438
79
2214
441
8518
97
140
9097
7148
7282
1656
880
3876
1253
3258
6366
4430
3335
2099
8902
3117
9805
2779
6611
4605
3583
9375
2869
9218
584
8521
8497
9853
7297
8211
5630
9987
9478
9600
1406
2372
382
3240
8297
6597
3814
9941
8485
6612
2884
4718
3607
2388
7357
6760
4036
9233
9073
240
4403
6248
4883
7512
4613
7270
9316
1179
5507
4566
7184
8627
2020
6972
6469
4273
7215
2952
4339
3417
871
8337
5330
4079
7036
1744
3176
9726
598
5344
3274
7224
9711
9066
8222
5144
4394
8701
592
7112
6049
9115
4821
2413
3038
5176
5159
6969
9500
3298
4252
6894
1686
5807
4041
590
5426
9398
6100
2837
5790
1768
9055
3285
7987
752
4357
2401
4930
8271
4005
7520
5820
7482
3346
1166
4204
1885
5698
9974
7993
2268
4953
5018
7233
6340
3882
172
5964
9795
8953
1822
3105
5537
1703
5925
9489
5766
2282
2745
9176
3585
6951
3742
2549
9482
4561
2808
7073
1864
3564
87
199
9192
3568
7368
5317
6445
5377
3060
1968
4187
2140
166
4599
2951
8592
2818
672
88
1002
4603
593
1711
5773
350
5038
7693
7908
9763
464
9811
8702
8788
359
4612
4733
2354
2345
7179
6930
4013
6525
8364
4537
1573
3546
6936
8907
2448
6656
4298
1610
9989
8891
2810
9513
2635
7089
2536
8863
5692
1729
2675
7880
5614
7505
1526
1170
4425
9289
1026
4208
165
1189
3776
7542
2480
6088
9946
5512
8990
1732
9931
5677
8747
6138
3664
6531
5825
3959
2186
1953
5188
5498
9939
7574
1678
8857
9752
8323
2172
7815
7223
8952
4601
469
8391
1115
4346
4799
8045
6201
718
6032
2639
2931
6577
4607
9236
529
2421
6580
6423
2622
7323
6708
4148
7758
3341
8661
1332
5257
7263
7694
2240
589
4715
2061
982
5944
2782
2022
1704
3300
3630
9699
7746
7404
4167
5322
4899
19
9177
2003
6589
3125
4172
4055
8360
1836
3162
4687
3275
820
6238
421
6055
7243
8432
4122
8654
5569
7676
8588
8851
8044
6830
3969
3119
4696
7226
4453
2411
2563
6200
1581
8852
5900
3476
856
946
154
5818
7035
2450
6638
3856
1063
7258
9834
1346
1954
8935
2491
6295
6160
6670
3391
7021
9937
9362
4514
1701
8133
1128
2557
6447
5883
9330
6538
7945
3066
7310
9885
9114
6651
1815
7702
4991
5065
5336
2311
8930
1759
9976
918
9344
4636
1294
5131
7900
4072
4626
2711
3486
5461
388
4262
3169
5157
7953
8619
4943
2655
9301
9717
1003
7235
2830
8430
9876
141
3130
8487
9826
6233
1767
9116
8872
576
8031
6610
8443
3261
8321
7787
3666
5121
6003
3222
4659
2919
1105
5178
696
3188
6140
3395
9589
7239
2749
5887
3825
9458
9766
9928
4261
1537
7380
7213
8117
8064
4645
6565
2320
8142
1323
3749
4660
5175
9935
4397
9823
8317
9636
9779
8465
5691
5875
3954
7057
3149
2005
5756
9415
92
1898
6698
3718
39
8881
7833
7331
478
5241
4807
4433
2502
9949
8058
9208
217
2306
8653
163
8783
3390
1911
4413
5126
7386
48
5583
7127
8992
607
7634
8333
3314
4547
6550
5264
414
3981
8276
6961
1837
1230
3088
7211
3328
4238
7295
6793
9310
3175
6978
5466
6424
9450
1561
9242
179
1492
2067
9762
2391
77
9925
3158
2374
4435
7123
1187
1692
8346
4458
3496
1745
753
7209
152
4295
2313
53
487
2534
956
5046
9491
1231
2771
6063
8491
610
9251
4532
9036
9620
631
1233
5657
8774
5643
1317
9926
8405
4750
3813
7554
1383
4299
1418
5346
8709
6020
9401
301
5015
8488
5672
7231
3166
9143
1067
2330
2194
3133
9594
5728
4318
3769
5889
9585
5004
8542
3365
9262
3907
8904
7753
5033
2457
4499
4710
5408
1760
790
1935
4244
1812
4070
1182
8792
266
5208
3536
5324
8115
1990
7304
498
7162
6285
7343
8713
9445
776
5508
6210
1679
5837
9146
1973
3770
313
3723
2816
867
385
3229
1594
5915
7683
7991
6333
2253
6156
5729
423
4280
3582
9714
1531
2603
3608
1367
4088
10000
9536
8808
7515
4065
4974
2499
896
9744
7526
4194
4372
8182
7524
5767
7106
5553
6713
2155
2577
3628
7819
8480
4768
9273
5240
8531
4920
8975
2511
377
619
342
5486
6329
3574
8727
6357
5759
61
8249
7841
8138
9628
2636
2298
7375
6547
8972
9464
3919
2628
5504
1498
8381
7081
5237
9490
9582
4913
9009
2840
1805
959
757
7026
5877
8370
1627
9598
639
3660
252
4657
3318
3809
9692
1912
3007
3444
1757
6171
2880
203
7064
1755
4276
2611
6701
5459
9514
9893
2270
2080
5308
6584
3279
1022
6910
4919
264
9369
1495
6917
9901
6866
6378
6685
4483
7558
6740
216
6759
7742
1527
5107
3834
6533
6071
3478
3974
3721
8571
895
2773
6643
8511
4026
1158
9978
8933
8103
5935
2526
5623
8736
2991
5948
2809
2078
2791
5797
9590
6261
9272
9179
9650
2289
9018
6263
1180
4417
2855
8366
2287
3621
1209
12
5714
5422
7616
7170
6383
767
3413
29
1538
364
493
1090
9812
6510
4178
7986
7870
5678
7471
137
1441
3246
6508
3440
5312
1012
3247
4442
1135
8637
4061
9919
5110
9195
6463
9032
4342
4811
3191
9371
4726
451
1091
6844
4037
5402
6427
833
8675
7673
4990
4325
7610
8356
7624
6571
8241
4480
9428
5005
2575
2768
8348
9524
1781
1114
1355
2863
8759
2209
43
4828
153
3020
436
8394
6958
3909
1031
1315
5804
3795
2546
2017
2383
3881
2255
9322
1371
3904
3787
7674
1702
1595
8409
4755
8077
5574
3108
8110
5750
690
6401
1252
6924
1224
4582
3793
4183
1600
5534
9035
5021
4046
8596
7847
3087
8173
1400
7161
1284
9448
5056
8238
372
1669
517
3706
2324
6827
7743
9934
8963
6211
912
5846
4817
9804
3311
6726
2041
8270
9088
5091
5153
3828
3836
3516
8209
8717
9342
9712
4174
7829
8779
1848
4268
2937
8102
4522
2030
1995
8803
1010
2322
8506
9552
703
2718
7248
5313
8294
8564
9419
2679
9471
6984
4604
7715
1470
8176
749
9629
2806
4598
1386
7714
5586
6868
122
7394
1431
7208
5484
2537
5993
5685
2165
5286
9813
7927
213
2469
3543
2531
961
6511
8411
8909
7992
2129
7763
7934
5723
872
3296
1584
1232
4375
2135
5468
8435
1657
6733
7141
6878
2561
5625
3714
595
1971
5863
3852
7508
9992
4753
7999
8602
5487
452
6290
2796
4496
7972
3755
8415
3947
4352
4409
1647
4574
5092
1860
8076
1681
1307
9092
3144
9921
2975
1362
1055
117
2187
890
5331
3061
7630
1217
358
3010
8528
4578
1504
1652
2682
3863
3303
1881
2118
8735
6094
7965
3211
2807
6353
5777
8751
4182
804
9357
8811
1793
4539
7488
8841
7656
2479
9997
3451
8589
9954
7493
9187
1087
9881
2156
555
5724
4327
5588
6157
1764
9718
5219
7288
6308
8375
6929
2838
4205
9144
7001
4463
9683
4109
587
9024
8167
6072
6296
2054
3194
8948
4785
3446
9486
5453
4804
7311
7704
303
4441
7084
2047
4469
5013
3808
9771
2010
6725
4073
4849
4749
5550
4515
5227
8263
338
1274
2106
4246
8566
6256
1596
4918
3064
3104
6893
2586
5980
9139
3109
7844
2954
1871
5885
6566
2923
7648
2731
3803
7817
887
9454
9156
9760
3156
4052
1980
8910
6730
6675
4693
9518
4378
7236
482
671
3575
3663
6244
6013
5615
8164
1967
5093
511
2233
7409
5043
9056
3159
2204
7202
8842
9300
1477
996
3888
7709
5166
4910
439
7296
2225
296
9520
6126
2238
2513
572
2680
5226
4294
9817
6507
2016
793
1970
6845
5051
6762
9171
4654
751
9654
3559
9776
376
8092
4385
2081
9605
7617
1204
5640
8009
104
1218
6548
1780
691
2046
3745
3474
3147
1244
7731
4616
6689
4323
2228
2161
2846
6188
2689
3477
8197
119
131
5611
4030
4703
7011
9397
4454
6780
9037
4834
7320
6628
9781
2086
4234
1206
1455
6267
2930
8997
6742
689
7821
9154
4462
5983
6286
5699
9211
8354
9259
2409
5150
1358
8949
8455
1847
4301
1763
480
3526
7049
6467
7009
7607
9562
9895
7614
8942
1613
5646
7121
2637
1210
8737
4060
9003
1894
4387
7881
3070
6949
7220
7194
134
6831
7695
8187
4748
4115
7160
8395
2780
1329
3438
1083
7772
1459
2060
4460
4509
7279
6409
9951
4614
9797
7427
1458
9923
2495
6217
5722
6418
4531
5718
8698
7257
1113
2659
2663
337
6621
5350
6889
9256
6654
9327
6438
8594
8823
2000
3433
1616
8400
5525
6281
8262
1721
9455
6484
710
6466
8218
2339
4492
658
9573
2316
7359
7203
8694
7435
5137
6018
2146
1236
3794
5809
987
1395
4195
3182
6886
8306
7550
3204
3913
2263
2338
89
290
7305
7539
6715
233
3153
51
823
1379
4904
2416
5279
5779
9550
973
4565
2446
9167
6666
2735
8855
6192
937
3908
353
1487
3565
3249
9749
5256
4133
9386
9658
2119
5164
9911
663
5903
1604
8871
6262
435
9851
5951
5824
3437
2699
9213
262
4367
3146
9060
655
3911
418
5774
5478
3527
3531
7914
1191
534
3137
169
2618
7543
8449
4134
3993
4538
7851
6604
4467
4615
9611
1830
6471
4382
390
2097
8327
1435
8473
8352
3982
5673
2088
2335
3999
1999
1615
2500
9561
8003
9229
2578
7118
5000
3683
7780
4373
367
9124
3113
998
8091
5515
3624
9637
615
6202
9411
3497
9059
8861
6882
2697
9446
1907
3355
4916
188
9791
6080
2928
5479
4386
2814
3698
5547
270
1853
2874
1542
3466
9105
8296
3290
5570
1813
1174
5136
6287
7848
4533
2438
5769
3849
2844
8773
5873
2841
6380
7760
4476
5892
1809
5
6563
5284
9496
90
76
8903
6362
1706
9632
2426
944
2790
4162
910
71
7909
7158
9656
5786
5848
9897
8153
1938
9829
9049
8082
8731
4308
1122
1475
1693
9808
5428
9657
7230
5791
2148
7983
9155
8314
6711
2032
7555
5882
1032
214
2843
2999
733
3595
9736
373
7180
1728
5404
4911
6174
5902
5396
3722
7603
8188
3058
1445
7346
1775
4853
7214
8124
4207
9822
4868
3542
5917
2192
2556
3528
7703
5969
6236
3864
6959
2468
4050
8169
5746
2600
1753
6695
825
3408
467
9541
858
6817
1480
5775
5205
6716
4666
668
8680
3004
863
2213
6560
8199
3549
1413
7443
5655
919
1952
7470
9245
8037
618
6927
5011
1242
5154
7316
6176
6452
893
7330
5838
9317
8185
74
9689
3887
3746
3495
2642
6754
4466
2719
6598
1550
7265
7767
8568
223
2136
4345
9593
5026
7082
4581
408
7201
6441
1828
4525
6326
2419
6172
8313
1148
8561
6811
8192
1066
3625
9638
4056
5604
6700
4559
4719
8254
6852
1766
891
128
9966
7903
320
5458
6187
6337
3797
2891
8914
1705
9584
2094
3236
4390
2648
118
9304
105
4391
2550
2052
5947
9020
1974
9560
2283
1933
8253
7191
7635
7167
3460
8711
1162
4153
3756
1583
445
4229
8830
545
2573
5938
3788
8695
1340
978
193
2389
903
1422
6504
3308
8642
6367
3299
634
822
3728
1659
5937
7411
8700
9
4338
4500
2487
6888
6416
378
6658
7684
6083
7535
5780
3964
6522
4523
3463
4826
1147
875
1380
4450
7511
5058
3766
7732
8403
9409
3976
8804
8621
271
9995
3690
4560
6065
5355
7860
6545
7337
1071
3773
4732
2294
914
1649
2858
3422
8889
3425
4284
1001
2786
2957
6945
2523
1565
613
7613
8923
8723
2805
5475
2085
9515
1432
1223
2096
2408
701
4634
4731
845
6880
2877
3376
9977
1839
6744
425
5306
9720
2933
160
107
708
2847
7091
5765
1440
5851
9120
3319
3143
7719
7429
8880
9580
6788
9488
9091
2913
1810
7744
5631
9096
1645
4472
8422
486
1503
1850
2083
6536
3830
2205
3259
4265
3729
7996
4760
5221
6381
3199
5239
3047
4631
5075
5952
9877
5608
4980
2150
8203
6791
3142
9461
7492
6153
3342
2777
4921
8756
2082
9359
7612
3012
735
2375
4680
9427
6318
9948
389
725
7164
9180
9886
8184
5338
6392
1290
8853
679
4215
1726
9474
6987
6226
424
450
448
5560
6203
6606
8522
3504
5587
7557
6907
1439
2403
3966
9335
8017
108
5751
3262
3529
7017
2521
4051
714
4464
2141
6491
1106
8359
2935
9162
5927
2300
1556
1471
3403
9108
9613
1278
4291
3762
2045
7163
2859
4316
6982
1430
6500
9437
2075
2293
40
3765
4328
5905
2185
3616
626
7528
1235
9086
6108
4057
2674
934
4678
3877
3072
4549
8821
1354
3081
7679
2506
5246
2631
2703
1246
8139
2541
1164
2707
27
9677
1425
2905
1229
9662
6570
1414
4886
2367
3282
9408
2084
3080
8236
7334
7523
1532
6971
8786
9373
9680
3785
2070
7830
7385
682
7935
7997
6386
2223
854
4027
2143
7672
2158
2985
4315
2970
7412
7637
6953
5725
9873
5967
9546
7924
8822
7668
3281
2183
6568
1074
4340
6516
6309
5133
295
5868
7484
2593
2051
456
4408
2191
6644
1517
9924
6434
8358
2944
3594
5096
4546
9104
2
1943
7365
5291
8237
2512
9135
6750
5516
1453
9694
6297
280
9673
6141
7076
971
3821
5976
6679
5348
1488
7478
3257
7531
9512
5720
3520
191
1070
4951
9867
444
5042
923
938
551
5573
9971
1157
6342
6652
662
7071
8094
8369
9539
9701
9913
2404
6196
4812
8898
5471
694
849
6495
2062
8378
228
5908
7468
2553
4759
6043
6436
4358
4997
2267
300
7015
8677
8413
3712
2688
3278
7937
8560
2131
5681
4580
4556
2098
2370
4149
8408
7571
9145
5252
8540
5049
3214
9865
4176
7027
6243
877
6303
9354
7494
4410
7665
7156
4248
6853
928
7150
4028
6904
8424
7345
4814
9201
3988
7366
1619
5019
9283
1668
806
3170
8248
931
1628
9916
2399
861
4707
2775
7596
6101
3235
5036
2410
5280
447
6264
5245
2763
7246
2580
6468
3949
7642
4865
9902
1926
4309
9296
3317
7146
391
4062
28
9883
6145
4569
6718
1528
4675
1514
9849
8569
8329
3442
9470
2853
1511
9426
1313
6144
2903
1369
7025
8934
5633
7774
2440
7584
4160
8119
4936
7796
4093
7437
1261
1008
6251
2474
6327
8010
354
8454
6345
9082
924
1915
8385
2665
5385
8555
1086
6361
4926
5436
8669
8048
150
3202
9563
8112
8704
2221
4263
4159
5501
7207
8916
9612
7116
7234
1149
3650
1508
1397
5776
7030
7682
1126
5842
4275
3065
907
2362
4721
2363
1710
5062
5531
5007
8716
8376
3045
6214
846
5836
2358
5357
6915
7005
2281
4228
807
1134
9456
4487
4107
6454
110
7586
4145
3560
7594
494
5125
9206
9255
7725
2019
5644
5242
8778
7294
3738
8628
3337
9403
5612
544
20
7391
2728
4071
2466
8501
8625
6413
6062
6884
8386
8570
1928
6057
7666
7232
828
7510
940
1132
3025
588
9782
1842
3928
9349
4722
7259
6512
8807
1241
1245
6968
9219
1438
2765
5920
6614
8582
7322
4668
8994
9868
1501
6131
5706
6173
2344
2164
6350
999
4504
1851
9103
795
3452
8338
3645
7858
2615
1100
2565
5236
9642
1743
1015
5375
9320
7077
1638
5532
4116
8
1774
9457
7598
8519
5028
9393
2533
6037
1725
1992
7529
9202
4964
9783
7548
278
988
5734
9128
5269
5371
231
2368
9814
963
3521
23
2798
1661
9334
2286
2442
5347
4683
6456
9568
1175
4307
7062
4099
2095
3688
7707
6864
6265
5494
4948
585
6502
5876
1543
4508
7640
5072
1947
9871
466
6564
5661
9361
7489
1635
3107
922
4629
3920
7503
4170
7423
2589
173
648
578
1804
21
7911
1696
6665
781
7942
8380
5981
8513
1499
9887
22
9497
2829
7572
4314
6091
7205
1211
417
7873
7216
7069
7266
960
915
3256
2673
6663
8648
3886
220
6934
8906
2359
7677
244
1906
7790
1129
4730
6807
6224
8512
5474
3929
7836
9748
2303
6794
712
8217
6242
8471
256
739
8224
6026
3327
4135
4625
7455
5470
3106
9542
3329
2497
8530
5559
9389
5710
556
2835
9994
1522
5132
351
6838
8474
7056
6932
1050
6305
9001
6743
8549
9768
1731
8387
9244
9870
8697
8482
4655
5187
5318
362
2644
2882
4179
4737
2483
8612
8063
7816
5477
6858
4098
8940
5332
6291
7658
7364
6125
7944
2873
7022
9303
9051
7916
5562
356
8590
6596
7973
164
1673
6870
7884
742
187
206
8235
7697
4287
3997
7839
3185
1266
2007
3598
2166
4979
6493
2405
3037
9915
257
7826
7842
6573
5353
5368
5778
8298
5689
4923
5473
7055
3968
472
505
8002
3079
4985
9755
7527
6813
4949
9540
5472
8331
5192
2211
2833
7312
6352
1994
4772
8504
4068
3089
6388
9434
5374
5795
3168
5127
4166
6755
8336
8544
6877
6341
2505
1719
9178
6092
870
8524
5556
2854
7918
8259
4147
6082
8353
3304
4952
5745
1370
5341
8826
5017
7335
6259
8983
8260
8035
4007
2812
1343
3603
5420
5757
8770
453
7629
977
1794
7981
6789
6075
5730
3208
9281
7776
2839
1833
5781
8890
866
8363
1644
1695
2649
8769
5173
6268
7713
243
7879
4635
1382
4089
9641
9378
8401
5613
6231
2353
5869
1139
4165
2899
6641
9682
1689
7845
7919
6792
7764
868
6509
7852
3456
7887
7978
7193
9136
3790
6835
7562
7183
9907
2630
357
7475
5580
5738
474
3725
566
7059
2811
1723
9503
4529
5598
829
1094
5956
2108
3035
9828
692
7514
3445
2896
5287
2560
1961
5881
6756
1588
1351
9627
9505
7284
7990
9336
2670
8802
4419
5276
3687
6078
1251
3921
6669
9792
1567
1287
123
7975
4310
6998
6832
7716
5335
6498
5376
2314
6842
2819
5602
1478
2444
297
3183
5206
8059
2885
4206
7125
6449
3173
8268
1922
1041
2652
9789
6905
9660
8186
2337
9268
6618
1788
2747
6275
3636
559
273
2607
1325
9402
6170
5416
1451
6404
7008
7376
5949
646
4233
3548
2365
3643
6991
5155
9975
7436
2656
6169
5037
7377
8242
1176
1624
397
1335
754
3000
9909
7855
1009
4274
9735
2248
8535
5999
5548
518
6405
2864
8475
7222
3097
7994
7186
1387
7444
3008
580
3370
396
3933
5431
1257
326
8152
9973
3216
3931
6407
7018
7863
7768
3398
8177
6627
9200
8078
1454
7029
3471
8832
8108
1227
2610
6225
6837
3155
4209
8484
5169
4643
4130
6734
7344
3647
6966
6781
5861
9827
111
6130
6114
7058
311
1519
7795
2090
6444
4833
1188
4630
3475
3501
5403
6421
475
6809
3923
3912
5544
8537
3896
9866
7544
3217
2332
2795
6896
6746
9377
8720
4008
9818
1109
2828
2104
6581
4848
1612
737
5658
8490
5888
8647
9110
9674
4006
3694
3049
1670
8868
5524
1811
9681
1243
9078
9537
9220
5659
9862
346
8750
7857
5254
1153
1687
779
1254
8577
9217
1888
2189
8768
3918
3190
7957
2609
5059
706
6797
3681
8431
9203
8757
2613
2264
4503
1981
6369
1000
7837
6234
8959
1580
5196
787
9872
1821
8688
6068
5349
3121
3524
7917
4995
1268
7551
184
6616
9891
8349
7699
5183
2076
4227
2987
2826
6133
9216
1955
9565
1020
9684
7958
6279
4511
70
7910
9910
9266
2890
6871
4544
1168
1507
4264
6964
6273
1832
7818
5581
6965
432
9475
6479
7454
94
2216
1914
7533
4796
7457
5695
317
1985
5328
41
2696
4863
1434
9695
1536
9863
3136
6237
1765
1045
9773
6276
490
7708
2982
7348
6970
5094
9388
2168
2619
6435
5716
8441
3338
4562
9943
322
5197
9132
2134
6667
1311
3653
8649
6482
3374
707
4890
2917
3297
5667
4794
7039
8771
4360
8887
7267
4912
6135
6642
3267
7988
1260
9063
6089
2244
198
1427
8014
8703
4836
1529
2616
6518
3307
7393
4806
1316
6593
5660
4651
6325
4152
7667
5333
8796
684
3626
3719
4426
4507
5224
5209
1486
6709
2341
7946
455
660
78
3484
4627
2227
1219
3751
8335
1618
1341
9197
5294
5146
3893
8345
5248
6334
8919
3558
135
5412
259
6848
4438
15
8999
6475
7835
7321
6503
500
4220
1861
6060
6499
2993
8088
9399
8985
103
9031
3791
7726
817
3566
9043
8083
8520
6245
727
7565
1816
10
4270
5924
5715
2694
386
6315
3492
52
1489
4279
7962
3218
9285
5220
4729
365
429
3469
5179
7384
4986
2946
3538
4024
7729
985
6009
7712
4673
1494
9703
8733
6777
6710
1986
9719
7696
5648
8175
3805
422
2660
2424
5493
8228
3352
3024
9619
2778
7120
3220
2888
7381
8687
4842
9794
2540
3103
5301
1262
6149
5451
6933
2437
654
6270
2201
5143
6737
5156
5165
8791
8527
6633
8685
917
6067
3596
66
5485
9618
6544
933
5207
3461
2029
8427
3903
1029
8096
2376
943
1357
3305
3161
3967
719
3826
5381
4022
9670
7846
3150
3494
3758
9933
1216
888
1582
7460
7390
3145
1264
2861
521
2329
7242
4551
9757
1730
7486
4444
6000
2685
3245
2886
605
3637
6625
4193
7859
6636
6339
5961
1310
9722
4527
2063
731
1776
1028
3264
5032
4617
3552
5561
4489
2115
4790
8795
4637
8312
4624
6727
9516
7419
2813
717
4987
1398
2297
9384
1144
9836
8383
9226
7576
3846
7577
483
3193
7083
771
2415
4579
4884
5749
2704
9930
4658
9333
3978
8057
2259
1061
9044
1444
3661
7769
6374
4775
6462
3767
1213
4461
5622
8837
1423
5084
3479
7740
2867
3428
4967
7730
2026
3485
7142
7956
6539
9045
7591
8468
9972
4019
6332
5391
883
8111
8553
6723
268
1181
5334
3816
8514
4040
4111
1713
5500
462
5086
3651
1690
3424
7692
6839
6622
2385
4231
4018
9209
9825
9551
939
1796
1416
8517
1309
2498
5854
4011
2996
3074
5369
2258
9430
7593
4164
2042
8835
5510
8256
1651
1779
4058
9846
5663
842
1937
5345
1748
603
1226
4541
6246
7122
7262
1797
3076
6728
9706
4568
2742
7421
1013
3032
2733
9290
5909
519
4779
4033
7350
611
7336
9129
4859
1771
2934
5758
6359
499
3021
4934
3998
640
894
5518
3984
3789
1945
1304
2116
9848
7197
1936
3640
5741
395
7189
5632
649
248
4353
181
4526
2702
2667
1222
5389
8656
8673
8278
8825
9284
4595
2340
1769
4129
3696
3606
5688
4256
4119
4644
7896
5654
669
2304
1993
5271
6572
7328
3744
7604
9988
2133
8866
1303
2856
873
3952
477
9927
2955
4738
7561
9664
1059
1789
8080
9621
405
7396
6655
524
8264
6355
7797
7890
6925
1738
479
8040
7
1549
7749
4874
6678
6470
3455
1534
9751
6555
9643
8834
5962
1685
9724
8601
3700
4550
7119
1978
6379
7770
1462
6448
5073
1318
571
8008
8732
124
3853
8846
7432
1025
3372
9137
5047
5974
9603
3056
5323
293
1004
6209
6443
3587
3917
4757
3468
1019
1750
4786
6492
426
3244
5538
6937
9936
8944
6167
8976
5811
3850
6093
2269
3733
2671
8106
1515
7144
3932
6148
2380
9740
3771
5231
2900
5549
766
1320
4711
8784
8231
1601
2246
9240
3591
2350
4864
8442
7756
7599
1877
8741
1165
142
1465
5450
2215
2079
8533
121
966
7854
4956
3851
5705
5415
3910
5238
8467
546
3026
1496
7456
6252
9298
9267
2570
582
6632
2784
4049
2770
506
7289
2441
7287
9277
2564
7750
3473
325
6042
1807
1946
4535
9801
4497
8308
3426
2518
1739
9732
4663
6206
6442
9117
8446
7414
4517
7850
6648
5193
4776
3898
3649
3972
9531
6134
9070
2969
681
1982
7153
3200
4185
4331
331
8421
2753
4341
1806
7518
1634
6602
6739
6586
2672
2036
4202
2100
6023
8148
7621
5427
6897
6304
1033
1675
8158
9723
9048
5068
5601
9138
948
9856
7532
3869
9380
7888
3697
2125
5339
1865
2037
5398
1939
6207
9131
6455
1390
8174
6795
4023
9222
3410
9069
168
844
9955
8463
9961
9774
3747
1481
3277
3611
2548
8355
3276
3532
1372
7904
8672
2072
9207
6821
9343
485
4025
1859
2484
9168
2583
4590
579
2789
360
4744
6977
299
2598
1838
9420
7954
7963
374
1137
4377
6908
9521
6266
8509
730
2525
5123
1886
8288
8365
8095
1875
3367
8793
9351
4081
8012
4963
2331
6980
516
4201
7198
3707
8670
7959
9697
4297
1202
9081
721
3101
6428
2486
6154
4802
8885
5298
676
8291
6107
2319
7967
6087
2328
5481
6769
3448
2980
7109
9675
5991
1277
9258
7405
6843
8576
3713
9969
4475
5526
2190
2716
7487
6800
4415
2489
8626
7609
3604
1468
3458
8028
2471
8820
1350
5994
4080
7067
5932
211
2509
8457
8382
8782
8840
8817
3930
7426
8908
7111
5998
3774
5181
7402
4303
5975
9529
7578
4747
430
2407
6515
9958
8458
4895
6289
2915
5495
1385
1648
8282
4241
17
1207
4667
3152
7139
5563
8150
4575
4125
1770
6891
306
3671
9133
3206
3900
1966
548
908
2965
9602
3873
73
6422
6473
9153
6124
9424
8753
3512
7589
2348
3581
3673
1603
237
9130
5201
819
9360
8141
1949
3404
5985
8109
3556
9548
3126
723
8706
4368
6354
3465
4498
8029
7933
8168
6429
7301
1030
1199
1637
7149
3090
7166
2040
8605
6084
5841
8692
750
8536
7095
489
9592
8074
3922
4117
9839
563
4815
6036
6676
7133
1348
6903
6526
8499
3331
5352
2978
6349
7363
7048
4512
4571
4805
8691
201
7929
9196
4835
7467
4063
3232
2657
6440
1452
4416
9111
597
5852
2633
42
7483
161
6391
7461
6940
5679
4493
8982
3250
8191
9845
6005
60
9634
5230
2455
1190
4300
7074
8591
9423
3634
5467
8440
7602
437
2396
1093
5823
3973
8856
4784
1154
5432
1095
3115
3138
5380
9372
7926
6102
4791
4112
9163
9635
8130
5266
6412
8267
3178
3916
9328
1198
2111
8920
8025
5253
3383
4302
892
811
7633
4850
3122
6867
1493
8214
7138
9530
245
1064
1787
8924
7913
4032
2110
7931
3684
6253
5989
8892
503
7940
7660
8206
8126
3934
368
9005
2207
3970
3348
5232
7735
3084
2939
5316
4994
3891
2767
8844
9287
4239
8551
5305
2654
8643
7794
9841
6230
3488
4754
6579
8134
9480
5390
2901
6474
3063
9967
3251
3388
9743
4437
9938
4542
4452
7949
7291
5934
5177
4847
1516
4485
148
9152
1957
3135
8682
7369
7442
1791
9504
3165
6212
3238
3447
5830
7383
8860
7406
1910
5564
3132
7274
6847
5923
3325
3768
6185
4311
2700
6241
3237
5009
2369
9421
697
2050
1072
8429
7620
9837
4743
4097
2653
8538
400
2568
7151
6132
8295
2651
5272
5235
4888
7540
1473
3306
144
4583
6983
2865
5200
1197
5088
7256
2430
520
7781
5228
3962
2197
6363
9193
8372
3
3937
4313
5674
7727
5717
2219
8399
2121
8104
8426
6520
1173
3589
2912
9667
7303
7538
4681
2571
632
8658
4901
1279
3763
2595
4017
7298
2683
7755
3358
5577
9391
308
1749
4213
6804
8492
460
3842
9282
1208
4181
6673
6480
7281
5202
5351
8208
3034
381
4330
9013
1464
3946
6574
4567
8579
8125
5469
2271
6918
9545
4682
560
5582
5064
2312
1540
8251
2894
8725
9599
7165
3854
4214
416
7261
6645
3086
1321
9544
6347
7951
7190
3667
4414
7762
911
3870
1684
3242
950
2750
8729
1096
8056
3618
332
9709
1629
5399
1827
4443
7865
8196
215
1116
992
6623
7834
3085
6681
8671
3885
715
9119
9483
9733
3334
8406
8194
8738
7051
680
7013
1247
5082
1363
2235
512
835
1240
8232
8541
8740
8307
9006
3362
990
129
6487
3349
8956
443
4398
5712
7615
9890
3602
2992
976
6906
3009
1714
8042
5565
3042
5099
1298
7087
9559
5261
7872
630
5709
9337
7623
3071
5987
9528
9547
991
609
4610
8925
577
9150
5113
6095
2638
9532
7152
7969
5502
3205
2547
4091
7546
4446
3517
3467
9288
4908
2262
9649
6692
4984
7597
340
8100
2467
4641
860
4304
2043
3519
4459
4361
5045
4118
2710
2815
536
8279
3777
6481
3344
6947
617
3865
9738
4801
8154
4348
8129
6997
5116
2472
3994
6150
5378
8748
9737
6219
9012
1426
5616
5639
4855
8155
2508
7549
8448
4250
4143
3901
3221
4286
2960
4471
1392
9016
6191
6530
7698
8772
291
4059
3454
5274
561
8304
8284
7943
5327
7664
9833
2014
1108
8683
6419
3450
4548
3402
8021
6766
7174
3600
1825
1876
620
6939
6300
3522
5222
5929
3302
7422
6294
4827
9617
8746
3806
9802
3862
2612
6952
4640
7922
7354
8578
288
1879
5535
4047
6122
8781
1747
3958
234
6609
8897
9840
3015
9786
6776
8498
9366
9452
7485
8794
4001
9440
7506
7424
1521
2124
9578
1639
7925
6684
3915
9019
927
7271
1518
8809
5119
9034
9991
3534
9947
9417
1273
9432
1960
7968
7939
3605
1834
3874
6310
4831
4611
1662
4380
7228
843
6691
8790
3861
3941
1826
8018
6546
1761
4021
5285
5513
4809
698
2169
541
815
4429
3124
4120
638
7038
8843
9460
2766
3642
286
8062
9305
8079
6920
554
4813
4982
7200
375
9739
3075
2973
1258
8328
4124
2590
9046
3576
3633
2834
7789
738
2249
527
1195
2994
5034
1410
900
2334
5490
4787
8041
5754
7587
5957
6384
4121
501
8611
4354
5953
6567
5638
7338
4686
6387
7575
289
5931
3832
9553
222
8269
3541
5942
5366
6523
5669
4078
6680
7930
2567
2870
762
2964
3868
6619
6118
232
964
7499
7570
1140
2967
3786
3500
7728
7268
7861
7032
2139
6147
531
8247
6802
1457
4277
2105
68
1308
4688
5418
1080
1456
8351
1373
2179
6690
3940
5650
3005
9029
3680
3212
6554
3845
4351
9425
5922
5543
9507
6824
9655
6017
9231
3961
7114
2585
5599
5268
277
6081
4156
8918
3022
4243
8749
5707
4545
263
8957
7217
3392
5168
599
3577
5919
2449
7733
4150
7453
7501
3253
5182
1299
9481
6855
9583
13
2827
4837
8357
1138
1288
2102
4860
6719
9687
9076
1196
7313
4714
4157
6343
4829
3570
3179
1092
1555
5567
1969
1333
2234
7651
8862
1545
532
8205
96
8939
2851
8689
7182
2579
6358
2916
2357
4765
431
6403
4762
2112
9523
3055
746
9758
324
8644
2231
410
6090
1077
8534
6002
5437
699
5941
8932
4621
9646
8026
7006
1632
847
8200
5370
765
2746
5721
2879
9799
2454
6707
5499
8239
4365
3128
3043
2936
7300
8419
8275
627
8179
7995
5006
8883
4432
2626
3563
5074
6758
3599
709
3883
2597
9900
2232
6054
7638
3427
6768
2998
9932
1352
7517
5958
594
7449
8281
3323
2254
6301
438
9047
5083
4942
226
1270
1156
7324
8350
2875
4237
7403
6175
1314
552
9394
6458
542
7360
7655
171
4074
3062
3944
3361
5097
6218
4468
2632
2501
862
45
2662
1857
3620
2529
818
246
4925
5424
4972
1734
7791
8494
5833
3709
3430
7828
9011
380
4557
8970
5463
2848
4421
2476
6186
3804
2420
4891
3672
3820
236
2188
4335
5053
5522
7241
6615
5354
6851
2623
8220
4648
8410
4609
2157
9639
3513
3110
9888
831
5831
4706
9444
3537
8980
9214
7379
190
495
5782
8170
9671
3843
5263
6451
4190
4516
1255
9040
2142
4210
3764
2797
1163
9325
8293
1548
7416
2379
4907
7748
7249
7525
813
2163
348
7675
4558
102
1959
9271
7982
3927
5337
4763
4917
3761
8785
1330
9575
6346
8016
6639
6948
6785
1587
5163
224
207
6941
9067
4481
5489
7771
5297
3345
8310
1798
3028
3263
6215
2785
4777
1184
7229
1282
9644
7079
3533
4015
4712
9889
83
8905
4322
9623
6989
5275
4764
459
1474
625
7705
1824
8229
1169
4928
3054
5030
7711
267
6420
9678
9418
4869
1672
7547
9252
7173
4973
4128
7509
5914
8765
5387
9824
2425
7046
2892
9253
770
3656
8149
728
4741
5491
3506
1502
2909
8073
3518
398
4448
3301
9708
6086
2594
6551
1997
9944
6077
254
6282
4932
6159
4818
5108
4608
1505
4449
7047
5649
2241
1641
791
5799
1870
9062
7306
4247
3799
8660
6351
3172
722
1996
4436
6117
8724
3665
8379
6605
1903
1443
7627
6892
1844
7856
2229
9903
2109
2199
3359
1049
1042
5048
1046
8445
8816
6182
6650
6672
336
9052
7290
379
6823
7905
2748
4296
7260
1570
2543
6849
347
6306
8805
116
1873
993
5711
1359
8101
8065
874
2027
392
2349
1608
6030
1411
283
8015
8493
5315
2979
5578
6749
1998
67
6069
705
369
9904
882
7606
6254
3031
329
3638
6274
3990
9596
5212
7985
1563
2120
5496
9526
8917
4505
8810
6521
5701
2064
8693
7495
4947
4782
6312
2986
2712
428
50
4257
9348
3547
6854
2592
84
9385
6127
6540
5066
18
1130
8163
9527
1735
4457
4370
9854
4501
5430
8780
2101
4420
8384
6488
9809
4894
9308
1024
9157
6879
1900
4594
808
8225
1525
2602
7650
7126
9820
9953
55
251
3077
8965
9476
925
4110
2177
6519
1698
5016
7814
1927
8617
7802
6778
1125
4788
178
8344
3782
5591
4927
760
9254
3741
4260
4966
1712
1326
1510
2687
7159
9004
2972
4455
1917
2911
8640
3248
5029
5497
7641
9294
8066
8754
2066
5676
9945
5527
1248
4716
7569
370
1856
801
3396
2582
5984
7088
8302
9986
5896
8161
2516
9847
8361
2725
8545
7652
1579
981
7567
5031
8459
5731
2681
6307
1841
614
151
1948
8020
8324
5411
4647
1407
5744
9690
8089
9899
5199
1597
9142
4993
5627
2154
7325
8831
5216
9912
941
8318
8246
9341
4155
8600
5434
9122
5963
5090
2634
8461
7269
2876
9666
1975
9413
112
9750
1905
6029
1623
3409
2645
2422
7782
2794
4937
8708
2559
7928
1746
3180
6393
5986
4344
3356
816
3819
6626
920
1133
239
2640
3670
8633
4969
1097
7688
622
5970
1574
509
3685
8114
5406
1075
9189
5879
3871
7225
5172
5180
5997
9186
3760
4282
6722
7497
5540
4896
4774
7886
8993
5244
5233
7980
9631
6988
1345
2436
7921
6223
9587
8334
2908
419
1131
5401
7541
2237
7238
2323
5273
6833
5071
7491
4203
6076
3134
9502
8146
9778
4242
1214
1085
3385
8681
3429
7583
9390
5815
8098
5446
586
5024
7840
3002
734
7252
1682
3095
6729
5523
1756
8216
7469
1161
4188
3196
4266
9538
6288
4929
2226
6825
7094
7923
6822
857
249
3669
5293
1228
1177
6578
9449
6394
2162
6767
2802
4841
3231
6494
6872
2202
1212
9463
4797
7407
7779
411
9831
6400
242
1104
2092
4751
1620
7838
3332
2113
5867
3491
3291
2666
8814
6229
6344
8325
6732
9981
5417
344
3118
2390
4697
8417
852
3872
4054
6693
9199
6365
9633
4871
5864
1932
9210
6990
2378
7037
6553
5558
2983
1855
3502
9525
3382
2049
4676
8556
4958
5010
1119
1576
8172
1005
3914
2950
1544
7545
886
929
3041
1415
4048
7566
3759
8798
6028
7777
8402
6194
3827
2823
8234
2321
5521
786
3412
3975
9956
5928
114
7465
2265
2792
1658
4823
936
3629
7556
3860
6799
5442
3612
4506
7176
403
4887
276
4554
9269
1605
1862
9850
6162
4968
279
9075
8614
8507
4290
8299
2606
814
5859
9693
2604
63
3867
9100
4844
7388
6204
9042
8638
9686
7090
3315
2926
824
2325
8859
2776
9710
5002
5589
1963
8087
6600
5419
139
5440
5792
1680
1663
4552
4670
7247
704
6298
5095
4690
2336
7401
5641
3046
8650
8595
604
9519
9672
3979
120
821
6321
6543
974
9606
1858
6902
8598
8620
7601
5886
2788
7206
1592
3815
645
183
2842
4735
1930
8618
6976
5060
7580
5055
2175
2033
3807
881
6097
7277
9355
838
8787
2569
6873
247
3641
2470
8285
7314
3053
5629
9661
5310
6911
8847
8389
1817
6250
7813
7798
2581
855
3985
5683
4002
5443
8800
2198
2127
6747
6396
7113
905
253
6098
1923
8450
6624
7218
492
635
361
8180
9083
853
4906
1633
2038
2397
5940
2872
8665
9990
8068
5259
8283
4971
7804
997
6699
4158
5040
31
2587
3627
4355
1337
2647
4292
4086
6116
1339
8515
6629
8472
9089
406
9364
6782
1062
3139
7356
683
5289
9248
2949
3116
3739
826
4456
759
1560
2159
4389
5936
3224
3691
3704
2817
219
3905
1186
3340
953
294
8250
6155
7066
1118
3401
182
5001
9379
6437
8739
9212
7408
4876
4771
9980
9198
145
6829
7786
1353
5195
4792
3459
3215
5607
7970
508
5365
5904
3036
9395
2056
6810
6517
9985
4336
8721
6056
2971
5784
9095
7823
9754
9106
3069
2333
6195
4235
962
5052
7657
1404
4536
4724
7722
5996
9246
6112
6537
1347
3016
9803
8696
3613
6942
9477
3252
5554
6916
4534
777
6956
5213
6239
4756
8998
8423
8339
2752
9263
2717
6513
8123
7293
7765
6053
4101
6052
8292
2708
7820
4996
8603
7147
2122
6992
2488
8144
3239
979
5665
8850
8641
8946
4439
339
6783
3503
5444
9964
1051
7332
8710
4620
1393
4142
9499
5637
7955
4186
33
4066
1737
9878
4136
3027
6439
1541
6753
6152
6559
5865
11
1275
3439
4893
6006
2460
3269
9983
1931
4622
2021
3399
9898
4555
606
6541
9431
2386
3689
4422
4955
7799
8679
7098
7801
8290
4069
3711
1467
3831
9522
5081
1
8572
4957
885
5014
7196
6119
6860
1666
2866
1665
1578
7171
7775
2170
1920
5901
8000
4114
2558
6881
3579
2820
2772
504
5827
7045
2554
7805
8061
4000
6922
2068
8630
9061
8974
9148
6674
8760
2727
6408
5067
7043
4740
9607
7085
6314
9894
1988
6450
9816
1450
5770
5407
8212
7286
8447
9407
3350
6025
3702
3380
8105
488
7237
8960
8532
5003
2821
9704
9892
6562
5115
8646
2465
2290
841
2402
7736
9753
7143
7080
1203
8160
6027
6161
8483
6373
621
3435
2485
4216
7901
5785
2907
2947
8067
5360
8557
1319
5098
5363
628
1344
4852
3073
2342
2073
3457
4945
1716
1631
7315
5609
3493
4253
878
2621
4138
3322
5229
1073
2822
7137
7283
2532
2871
8132
255
5855
9630
9412
1599
4606
1546
3339
5008
3894
569
5211
4225
2555
788
3187
9979
8316
608
3419
864
1293
5533
1099
5566
5210
2614
8718
570
5069
1394
8699
2966
4272
4939
7883
7272
3590
4858
9963
1401
1852
5342
2588
3284
6752
9367
4184
8894
8030
2948
4034
2456
65
7824
5910
3203
5035
4825
7893
1250
9027
3996
8631
9057
3778
3360
2482
8453
9918
6059
5307
6137
1035
6269
461
4434
3701
3573
7020
3597
6875
2291
8876
3423
6410
1349
159
3470
7333
840
2272
9274
6197
5449
1183
2714
1909
5105
4478
274
1117
2608
902
6143
1884
5186
6993
6472
8347
9844
7659
4975
3131
9038
2724
7254
1777
2726
9169
9028
7212
415
8764
3953
9996
8118
5884
1120
1364
6640
533
14
7070
972
1976
6139
755
6323
5405
225
2400
5576
5270
3120
6664
5793
9880
9121
5950
2715
5520
9435
3228
537
4271
5372
636
9286
1291
9558
4095
9472
2429
2857
8667
3271
3890
2692
1331
3648
9772
6476
2895
7902
3593
9879
3381
7892
8343
6322
3230
5025
9433
6497
954
9347
9473
5130
2997
4224
633
9381
4685
6142
3114
6371
8565
4933
5388
9292
9161
8977
6558
2018
5834
1302
8523
8469
2151
6694
1292
3013
8789
3668
7028
1956
1889
1429
7899
8081
7646
2381
6228
7803
6954
3840
4989
4553
3839
5326
5044
1752
9041
5982
9345
6677
9832
3705
3897
6660
6751
281
2247
463
9640
5642
8207
3586
5128
6863
5225
6115
6601
3554
7012
5283
6105
3810
3880
9729
2360
7600
6981
3508
5653
8060
4366
5134
7178
4035
4126
8936
1843
302
4212
9151
1653
711
8662
685
6390
7472
8418
8616
1897
1366
6038
8027
212
8481
5383
8233
1402
8162
2462
8464
803
6826
3321
9884
7843
8053
8036
2824
7977
2277
2217
2492
3676
3727
7513
2760
782
1259
6960
3511
5359
2412
612
6034
4105
7340
5511
1831
1296
205
7185
1786
3462
3201
7984
7867
5596
3167
8022
1446
4392
5690
1772
7107
7971
7585
4695
3213
6803
2239
932
8927
9855
1667
6784
1078
1424
9509
4843
1376
6205
1201
8140
1965
7920
3048
2196
7019
3033
3363
9165
5912
5247
716
8099
9225
3781
8979
7451
5772
7169
6031
9807
9007
6477
2355
3715
6706
1989
7947
9164
9405
2044
2432
5971
80
3848
6806
4694
4399
1891
5736
8433
8912
8762
1535
6292
7347
7849
1221
8879
3992
208
