2500
2270
763
1307
980
1697
2406
2170
2260
888
1365
210
1098
1883
287
2262
1374
2136
1678
423
2179
2029
564
1921
509
101
1808
1111
1705
896
150
2376
1948
421
2496
1453
2436
904
427
424
999
2032
2035
1981
1194
532
302
1926
94
1547
2492
1394
1514
171
1304
1493
2036
1758
1777
660
508
285
394
2155
238
727
1208
195
1385
951
2474
775
1916
2394
530
339
1087
91
351
1240
2205
413
975
110
1914
800
344
1165
1489
2499
1803
1326
1384
1909
1700
780
1216
2128
792
2150
10
625
552
40
567
806
1475
750
1064
626
1155
117
1016
2220
2162
1763
541
175
2166
578
1917
1505
872
892
1235
962
738
2476
2003
1217
2470
704
178
553
1717
2265
953
2392
1821
1804
1389
2359
1654
2384
471
935
382
2245
600
2080
410
281
186
420
103
1889
1198
168
1426
1186
1444
907
529
292
952
1132
2133
2379
2452
560
1503
2141
1521
790
2194
2146
1698
1014
1310
555
397
1982
903
479
1729
1902
657
234
1599
1987
254
2332
81
1305
853
973
2299
1552
2081
1882
739
1497
1466
920
802
651
1615
155
666
2258
1572
2062
68
23
1863
1922
1604
350
539
828
161
386
2171
898
1965
846
524
11
1681
1841
1494
1455
637
2423
1618
1773
2024
1704
1828
535
406
1430
1147
1941
807
592
205
2446
761
1852
1018
902
1725
1685
1887
1739
376
1089
98
1
2281
1299
2109
1375
211
639
473
2088
719
129
374
533
1613
313
156
795
1215
850
263
630
217
1925
2356
182
373
1979
9
2034
213
2206
2344
398
2322
2324
974
2263
1707
2331
1300
1425
201
729
1506
518
1293
734
1920
2472
1467
337
1891
1386
1716
1371
754
1458
1485
1105
1560
2398
2051
528
224
735
2012
713
664
931
1942
1990
897
2311
461
347
1702
1052
1961
444
1401
1523
2475
1695
1254
2122
2048
1970
388
1769
885
2107
1166
1710
33
797
2175
2212
1973
1502
1799
1106
308
665
2350
1607
1850
1442
834
2355
323
1888
1221
2178
1646
1468
433
1204
1033
1660
1154
1859
2018
1193
776
1831
1714
1833
2319
2092
749
124
520
2357
573
2326
691
63
971
2433
718
2407
32
2089
2204
187
1356
1488
2437
1456
2038
840
831
1067
911
1762
1798
226
1291
1127
48
1020
2483
2381
1847
2030
74
1778
377
123
1554
329
2072
1459
593
1546
905
1600
527
1588
1122
1443
502
2087
1229
801
108
1958
1890
1785
174
1434
2449
1898
1237
1783
1483
2443
2491
1932
774
2237
1325
1960
2037
1350
456
2070
899
1007
934
1267
219
345
1665
383
106
540
176
2046
2495
2249
41
2464
1983
1117
1026
1595
1163
2228
1343
1328
1814
1634
269
1126
1092
2192
497
864
147
1190
2410
2338
656
1563
955
1131
598
939
1234
1825
1812
338
305
1378
635
495
1176
1061
1892
1232
215
1674
1142
574
910
858
2159
1856
989
1202
688
273
1661
252
1244
768
1048
1912
854
2044
815
341
2090
1308
857
2484
2126
798
1857
1317
1205
135
544
870
2039
2067
778
1985
1353
266
34
1832
922
1065
1115
1084
1667
1383
1406
966
862
314
192
1848
2053
2397
1135
1266
1511
1137
1149
322
2215
2195
1210
289
2210
634
1496
859
1231
2147
1196
1023
142
915
1911
1720
1079
1967
5
603
1827
29
125
206
570
2296
430
409
537
550
2103
1464
1143
1460
2289
929
960
2358
2233
330
417
441
2439
1632
160
172
1823
462
2396
770
2288
1472
1360
2094
2181
1515
321
610
726
2235
1816
2138
2019
1270
144
148
1840
2494
659
1966
293
370
39
1080
414
1284
118
1860
1525
2108
128
368
2123
1279
2102
2412
993
1995
181
1324
1866
2264
585
1510
1220
701
1259
836
1031
8
369
1630
882
2259
1152
2419
731
1784
228
674
434
1789
79
1214
1473
982
1834
132
46
481
1419
969
816
1263
514
2200
1903
1972
2422
2161
1929
2096
1364
268
676
2021
984
2380
2098
2370
2309
1495
1550
486
2139
2351
157
1656
1936
543
608
454
1989
319
2454
2345
722
1603
500
362
1402
1975
1569
17
1118
346
2043
1871
549
1169
689
2386
50
2004
2489
2354
1242
933
20
546
336
1767
1357
1782
452
1626
1479
633
2244
1487
1011
1123
2369
1197
359
390
709
2114
2463
1662
1744
1393
404
877
636
387
2042
2341
1200
1986
58
536
1469
2016
251
1347
18
697
1625
139
1861
1616
449
1058
679
348
2493
703
1431
1063
547
1418
1159
2469
2117
711
1363
1439
1332
395
71
1282
2201
2148
841
1219
1786
534
415
2173
1830
2198
2335
400
694
241
707
631
503
1167
1807
304
356
432
179
1650
965
652
588
1429
445
572
428
1083
2465
2112
804
253
730
1836
437
1306
22
771
498
1853
1653
2448
1280
1004
1400
2040
1944
2243
2278
2033
1559
282
1594
1686
642
1969
1203
2269
1119
1113
2164
2009
307
1096
73
823
2017
2271
716
57
760
2293
1477
324
1470
2283
2008
95
1498
300
2294
1141
1858
1931
1182
983
6
3
1292
1677
1801
1584
2382
399
487
1295
1047
522
1664
1620
708
2461
1666
2193
2071
335
1539
584
1528
267
343
972
297
842
1256
2052
1879
248
286
1481
19
264
2229
2130
1956
766
653
396
246
2253
458
317
1724
1541
242
143
2183
1161
2346
867
874
2466
1896
64
1247
2086
876
2273
609
2241
646
271
577
1933
2216
69
312
1289
1583
2308
291
538
1184
1500
1097
1820
463
1157
2255
2458
997
2045
856
1900
491
2093
173
2247
1499
1294
245
1837
2002
918
1573
1644
1340
2134
743
913
883
455
2414
1928
2473
1421
667
2373
1645
1999
2276
1427
1409
378
2498
1817
1281
1844
1414
405
2310
767
2327
367
582
1513
1635
825
1151
2364
1754
2203
357
746
717
1041
1512
1636
488
961
2190
1802
900
1612
1120
274
791
2076
325
159
682
1354
2375
354
2404
2298
2272
690
1545
786
1683
1078
2068
2347
1565
1658
447
2455
869
912
440
1722
698
198
2301
1009
1480
629
1445
42
1370
1449
102
2225
1805
2208
2063
1507
109
506
830
2154
4
1930
1980
2251
1334
2409
484
1107
2434
662
624
2372
113
1576
1170
1984
2485
2011
2224
979
1538
1183
2184
1407
714
457
492
355
1586
990
1239
208
1519
1544
1570
1776
2153
753
661
1619
1258
1218
1369
1598
2152
1362
994
2028
1897
1585
1136
1676
1099
1075
1388
1712
2318
835
1146
459
838
927
1693
1872
1687
741
1241
1071
566
2060
866
1766
301
2343
2432
1996
2254
2160
2457
1672
673
619
788
1957
1260
233
2182
1571
200
1590
1562
1003
873
710
1213
2377
967
2111
1302
991
2304
2163
891
2480
112
1249
2361
1072
617
614
2026
736
848
627
475
1191
1555
813
680
1526
44
1297
2054
1361
956
1846
517
1732
742
189
145
372
385
105
127
1344
1711
684
2388
2105
2113
1631
431
852
1843
1811
604
1178
231
1522
1073
1905
47
1192
1404
2084
2238
203
1298
1100
422
783
1373
1312
1624
93
618
1977
392
140
2488
832
1671
1435
596
1261
2095
909
229
320
1413
1399
1134
391
1682
606
1045
2013
97
358
683
1623
1250
1597
818
1752
957
1381
1380
121
1701
2169
2320
2180
1226
695
288
1659
436
1748
1454
243
2367
1437
925
1086
1133
104
2242
2456
748
472
917
2352
2187
1899
1566
2450
2440
849
1937
814
167
779
702
1919
2065
1696
88
1001
2453
1238
474
51
1622
597
1945
1441
1253
1283
565
2066
1095
756
1633
2302
2120
1593
2023
342
720
725
789
122
2151
1433
2385
1663
998
1875
100
1336
2365
1775
839
851
1601
1534
2340
275
2451
571
2353
1877
1330
1101
1938
821
1171
928
27
2342
1054
1649
165
1638
1457
505
937
75
1335
1524
810
1962
1037
2
1070
586
981
822
986
136
256
1923
2416
202
1575
523
675
2266
188
1587
1322
1112
545
579
1737
1410
2101
1288
1842
755
796
863
764
59
1248
52
827
1286
976
557
740
1179
919
2393
1085
2391
1699
2333
169
692
483
446
1269
2157
784
1761
67
1968
1655
724
1745
1116
1731
1408
2444
1529
259
2236
82
151
2277
1927
504
2091
589
1108
2395
2196
1943
36
170
223
1359
1211
185
411
1536
2176
130
450
403
1040
1692
1988
270
1174
562
2334
299
1206
1580
1908
1355
906
2337
1043
1978
258
643
2240
2221
1311
1027
1287
2231
820
131
1994
591
2349
1337
2239
765
2261
1694
389
2014
1517
895
2058
1189
985
723
605
1558
1025
1327
1680
1452
1822
2428
2257
1447
1690
1390
1643
2315
303
1277
244
1342
2144
1592
1450
706
894
889
2420
412
1346
2482
199
1581
2387
1867
1093
426
1628
988
758
1428
1320
1976
352
1815
1128
260
1542
769
559
705
222
938
1366
2290
884
225
2442
209
1652
38
28
482
1030
2049
2312
817
1537
2280
1172
2118
2078
1993
45
996
1918
1008
197
2478
1059
133
2189
860
477
1227
1209
1329
1810
154
1181
1939
1243
525
2223
833
1746
137
879
2074
2145
86
1904
1274
470
2435
2267
941
2186
1578
393
2291
416
1790
947
1006
715
507
80
1055
2336
2400
2142
556
279
1901
887
868
1448
1230
1053
1015
164
306
2325
1873
1736
2143
326
501
512
762
146
2219
134
158
2427
1177
250
1391
1387
916
799
1885
1991
1036
699
2286
1723
655
1533
1953
1417
1129
1024
970
2031
2418
371
1278
77
945
1564
2292
1582
14
1352
493
2390
1372
516
1125
1341
2056
759
1077
752
1088
1641
1796
2005
1395
2248
284
2007
257
1376
2431
237
2061
943
2330
53
1257
366
2025
1162
1727
590
1684
2116
294
1424
958
855
2127
1465
453
843
1668
1109
1074
1596
13
2106
794
116
1333
1795
1038
881
1760
1910
521
2115
2447
1679
2441
1121
1876
2275
845
1438
1532
1734
1379
1772
1691
685
1992
513
2459
1035
777
1144
2069
2445
569
2401
1849
1621
1797
2295
2209
1753
1614
2140
2348
1124
987
78
2405
1482
163
2430
819
2083
2300
575
847
1838
1156
519
407
232
1432
309
333
558
1934
1060
114
2425
1056
2424
120
451
1757
1044
568
2313
681
782
249
1114
1718
1865
1800
180
787
1323
1951
1021
353
7
1708
526
1743
1416
214
230
2131
2307
1764
2490
2064
2082
1010
1730
1543
2010
1870
1675
2284
1403
515
466
1520
92
1000
1303
1535
2168
1568
262
632
72
1591
280
1405
2121
2403
890
272
2368
1577
1670
194
295
2222
221
1396
1351
1349
2191
448
418
1271
1913
1924
218
2177
37
1367
467
2460
1949
1579
644
1954
1484
162
2073
190
829
594
2500
1765
480
489
1567
2415
2250
1854
261
2429
439
587
56
152
1759
1780
25
576
1946
963
1648
542
349
1794
1747
772
1338
84
531
1657
1223
668
2481
2218
561
1212
649
2383
1478
671
83
757
2389
2234
1768
1246
1642
1476
628
1090
401
2137
1423
15
1029
2486
936
1906
924
1721
438
2329
1974
1950
645
107
2227
2104
2230
1602
1185
1878
30
1140
1669
331
793
2402
1713
747
119
721
1640
670
663
2282
1806
2268
2119
1094
16
1168
1091
65
622
31
1446
2297
2438
615
360
1508
2110
803
149
2217
2129
1028
2214
207
1726
476
1436
809
612
1148
640
1884
511
429
948
940
85
90
1955
2421
1175
1358
1012
1049
468
1069
677
318
1104
2132
2314
443
926
1017
465
87
826
2321
1158
1173
893
1788
184
551
613
949
1561
1486
1574
2079
686
2497
496
1791
1826
811
442
1935
808
227
621
310
1339
1225
964
2185
2125
1793
1553
327
992
1886
2099
2156
236
115
1880
1605
1839
2022
204
1549
1276
1509
2135
255
96
2207
678
2477
478
1199
1818
812
1557
1637
1824
1809
1051
1629
469
2000
21
1556
177
490
2167
2097
968
298
76
1971
712
1893
240
1895
365
1527
111
2274
311
944
1252
1819
1412
908
1964
2408
1792
785
865
1102
2287
871
1319
2027
1540
1398
1233
283
2059
563
773
669
650
1382
1296
1368
12
1415
61
193
1392
1022
844
1689
1222
153
1002
1130
2328
1345
1606
995
693
930
49
2001
2316
1518
1039
1082
875
1673
880
1610
837
380
2323
647
1164
1145
1331
216
583
1440
2124
2468
2305
1742
1062
1627
1313
2172
2360
220
1862
1139
2020
1397
641
672
334
1997
616
733
1275
2057
1749
1845
1463
212
296
1321
1963
1947
942
361
43
2399
2371
1268
1377
1774
781
1236
1180
1451
60
1251
554
460
247
70
1224
89
1813
54
26
1490
1471
1068
2211
2285
2149
824
1273
2479
548
1779
1422
2413
2199
1228
700
1042
1262
1751
340
2374
2015
728
2085
2226
24
1195
914
2041
946
55
1076
654
1411
1013
1348
1998
1265
1864
1474
1548
1750
1032
1150
1755
464
581
1551
623
1531
732
141
1207
599
276
1940
510
1611
62
1735
1255
183
1894
1770
1034
2197
99
2339
1110
2471
1461
35
1153
166
1201
2467
435
1491
638
620
379
1420
1272
425
191
485
1715
2158
384
419
1019
745
1309
744
2378
878
2232
265
1081
1787
601
1188
2426
923
1688
2303
1719
1290
277
1318
1462
1138
1706
1952
1316
1728
2213
1915
1315
1516
1285
1501
648
2252
196
1301
1609
364
1771
402
805
1851
1530
2174
1709
1855
278
602
751
1651
2075
332
1959
1639
611
2487
2165
239
1504
1492
950
921
2188
1703
2366
2462
2417
1005
2363
687
363
494
290
1589
315
1245
2047
901
696
1647
1103
658
595
1835
2246
1617
375
2077
2411
580
1608
1740
737
2256
499
1066
978
2006
138
2317
1874
1160
1187
1907
1829
408
1781
328
2362
1050
316
607
977
1881
1869
1741
886
861
1046
1868
1733
932
381
954
1738
959
2306
1057
2050
1264
2100
66
1756
126
235
2279
1314
2055
2202
