5000
785
1729
4074
1775
2485
480
2376
3027
39
4701
2418
4203
2037
4371
244
3275
2142
4496
2987
2934
1451
4911
4207
3083
2880
314
190
3435
4685
2305
3029
4001
3384
40
1914
1066
355
4312
4204
4721
4051
1577
4886
2638
3585
1090
4717
1041
3891
2206
4704
682
461
2381
1930
2095
2583
4294
2039
4198
1074
1434
1386
4377
4240
3659
2820
2702
2754
798
3584
4668
1633
4749
3766
2534
1947
4831
1883
3242
1420
4961
2180
4792
4341
1504
3748
4252
2251
29
3660
1547
3507
986
692
4979
4972
3845
4657
4420
4482
637
3771
2549
1884
3672
968
1634
998
841
1859
88
1983
316
1376
4480
3996
1723
960
807
4534
3132
1160
2119
1493
1151
3780
2094
75
1061
3693
1919
495
1158
638
256
1264
4632
1679
3534
63
3857
4926
2610
4551
2757
732
1781
2427
4142
551
4106
941
1572
1553
4992
789
2256
2588
4429
3899
398
3645
3818
2058
1116
3709
3744
100
2200
1
3444
1851
3867
313
2378
3324
1667
155
3907
781
4000
452
503
3781
329
2670
1464
3549
547
4772
4242
4850
2464
639
3445
2662
1403
3577
14
1468
3165
3906
3797
1190
3422
1063
4971
856
629
2621
241
1503
2812
3814
1145
4030
872
532
2130
3247
4518
3576
1637
1147
3528
341
3506
2472
4314
1661
3853
1490
306
4872
1924
2438
3181
409
4681
399
1355
2729
4839
4117
430
1769
4857
157
3571
4192
1426
610
1715
3238
978
3838
3696
1950
1813
2356
1326
3220
3338
1685
4858
2333
3484
2120
3146
1515
4954
3937
3623
2198
3353
4452
4101
2382
2009
4905
3641
1611
3775
4870
1699
229
248
1397
3320
4463
873
1000
717
214
4588
645
89
1393
2652
3932
3614
3241
1551
4129
3541
909
3008
2021
3094
2136
698
3426
1582
1585
1317
2687
2301
2950
2280
4951
2685
4107
4438
990
91
117
208
2225
738
2261
1222
1806
2952
1855
2155
2137
3209
1272
4973
83
556
4146
1826
657
2062
1934
4568
3861
4467
1465
2114
4112
665
3879
4082
2086
43
2056
1879
1347
3028
796
2921
2154
3757
3556
4976
1050
2134
4778
1044
626
2926
4874
1429
271
2358
2502
1357
649
4801
1498
3595
1823
3508
1690
4364
4062
4135
713
850
4862
739
3492
499
4553
2682
1910
2189
2177
3787
3700
4689
4490
1155
3403
3225
3589
4532
90
4025
8
1850
1537
2445
3074
4264
443
801
4655
4557
2635
863
4949
4906
667
4133
939
230
3817
3649
4915
1319
3767
1121
3129
953
1110
1154
3527
1628
4912
3216
2663
1820
4584
4517
1417
1390
2310
2335
3694
1378
3574
3536
3006
2996
4139
415
3655
695
4006
3299
4666
1583
4104
3394
849
2553
2576
333
3105
928
4096
185
4121
3773
3080
4043
2049
2564
1885
758
2561
4059
3974
4274
2289
4726
4243
3552
1828
73
3615
2379
1139
1705
4842
2629
3882
2899
2918
52
4208
1718
2389
3596
3992
86
900
3590
4662
821
1529
1149
555
2393
4837
3231
3321
1049
4803
2539
1436
1083
4234
4917
3863
4970
3708
1287
1284
1162
2673
3517
2285
1923
13
376
3705
770
1868
96
2699
1964
347
4140
104
2627
130
2245
2369
646
2978
4038
2364
1133
3051
784
1880
4373
1698
367
1059
4687
2327
2833
4045
3953
2385
2329
1612
4607
2187
500
3764
3652
4481
2019
4735
3514
2345
285
3061
4650
1562
895
1238
1708
489
1719
1271
2226
3316
530
2780
3666
2519
4190
3770
830
2318
826
884
2074
1799
1377
1834
3886
4164
668
1840
4916
4875
3839
4626
4214
4876
4939
1501
3331
1013
4147
69
4750
111
2823
404
4020
354
2730
277
2645
1218
164
1732
103
79
581
4075
304
969
2613
2907
1148
1422
1948
766
722
2529
1024
4379
623
3363
4066
2337
121
132
687
4499
2336
2747
3810
3513
1007
2853
519
751
1288
2741
23
2013
2806
1801
4564
1592
2436
606
4832
3802
3997
4390
3712
2373
4987
4845
1921
149
1095
1520
3498
1785
1497
2287
251
2641
47
3091
4064
845
4920
518
3112
1561
4935
1663
1008
3551
294
3370
2737
4015
4110
1381
3499
4808
291
2542
2361
1096
4431
1143
3545
3217
2203
3636
3671
1876
1656
4130
4097
3064
4375
2705
3298
940
2686
3850
4982
2328
3871
2054
2967
705
3562
2540
1511
994
3848
3018
2000
2184
1360
4462
219
1594
2229
3816
2003
4249
3157
1512
1621
4535
3865
4127
1291
4032
4195
2902
1006
3800
2870
921
4798
3004
3575
3868
4932
2795
171
2267
2512
3380
565
2714
3594
4184
734
4298
2763
3792
3431
4593
4278
110
2840
4826
3756
4909
1614
1125
3834
3618
3109
4347
3518
4707
2232
2626
4529
4021
2746
902
4019
2447
3754
1757
627
4598
577
3531
2363
746
4821
3159
938
3193
2772
2266
32
2963
1987
4144
276
4251
381
1112
4342
2559
2384
2904
3840
3711
2150
2486
4940
1867
1430
2309
1224
435
2818
793
2443
463
3432
2471
358
4784
862
3888
236
3555
1768
3221
4587
2735
1838
4994
2420
620
3126
2439
2718
2908
605
2360
2911
2617
3442
4698
1341
3548
3125
585
2948
4560
4656
1686
4466
1625
4677
2515
1600
273
4959
1481
1220
2104
161
175
451
3963
3855
93
1362
2957
1169
1967
4488
4166
2042
714
943
1483
2440
1077
1459
2461
3127
3166
3978
356
4627
506
4540
2308
1373
1817
3715
2721
4919
3360
4783
4297
1741
1635
1016
2814
3691
3282
1730
3968
1640
3512
583
971
4401
718
3835
326
203
264
4464
2666
3612
4194
4611
1268
2607
3760
1873
3310
76
1210
4329
2259
4878
2547
3011
4445
3249
1535
2227
4443
1664
1793
2985
4270
4680
3358
3284
1689
221
1407
4495
1286
2029
3405
3439
3151
4914
4159
988
1878
3056
4451
1068
1084
3050
3301
4324
2906
4995
4125
1865
92
1005
3501
2350
4639
1037
3743
549
3455
3035
3730
820
3689
3790
4730
2316
3345
3873
4716
2075
4742
1739
4061
896
2398
20
2022
278
2010
2112
819
3207
1684
275
4544
4044
4077
1959
2246
1579
949
3317
233
1913
2704
573
4601
12
4910
2923
694
929
956
3768
4412
4185
2538
1700
1997
2128
2606
806
1940
18
3785
4137
3350
467
3339
2649
1432
3192
2885
3062
4362
2386
1641
4664
183
1549
3260
587
1363
641
150
3334
867
1734
4260
3537
2452
1937
2789
4396
2919
4400
2306
2513
4334
3228
3031
3519
2579
4663
231
3973
3214
4118
4351
1301
3658
4272
1903
3597
1766
2006
1702
3682
1313
2351
1073
3095
3958
1195
4393
2667
4600
2463
2889
4788
3897
3663
2433
1721
3505
147
2244
2286
160
3914
99
1280
2088
4068
3305
625
1995
3288
4619
4616
3779
3753
3952
3878
2725
553
44
1920
1657
3002
2949
4856
3348
2170
2530
3732
2975
672
3421
4143
4123
2475
2185
2462
3811
2762
4307
2552
2339
2722
4592
3239
4447
4216
4647
2414
3266
1965
817
4289
3632
239
186
1626
4320
2599
4469
1382
1931
3784
2070
840
281
1839
4572
1691
4775
2460
1099
2302
1925
4171
1945
624
2572
431
4533
2348
4456
3474
2491
4863
740
4708
1113
284
2105
2202
2993
3734
136
3915
1122
1140
1888
1936
2478
2550
1419
1758
2825
2011
4336
2962
339
3433
777
1601
1455
211
1523
1573
470
2498
252
193
4115
878
323
1632
4063
4238
1786
3306
3769
25
3587
2116
1513
1922
2033
2201
1773
1609
1540
4461
2228
1244
4035
3102
3369
1295
4299
733
3218
1114
3113
3240
4527
1204
2824
4573
3634
2712
2152
1193
2277
3946
1031
4179
4458
744
448
2043
425
1488
3750
1981
1782
964
1225
4612
4486
954
1979
436
1080
2204
4892
250
1308
3318
4380
2916
3202
2354
2008
213
4357
4491
4843
3912
2064
3099
2982
4641
2955
1471
1470
335
4776
223
4997
116
1189
2970
442
2810
1091
1164
3466
4162
3532
321
4454
441
1725
2015
1060
4894
4150
2764
1242
342
4267
4315
2444
2279
879
70
2675
4942
3251
3087
2051
918
4989
464
3268
1797
669
4263
4509
3148
2709
4414
1444
4599
1228
1352
19
2510
1927
1742
393
2482
3078
1889
1267
2326
1854
4570
2994
2879
4071
1032
2974
539
4673
3390
209
3625
4233
1754
2474
1131
1282
3776
4718
1651
4042
477
3121
1792
3627
4543
1618
844
3082
1687
2598
4828
4602
253
3626
1623
3982
2743
534
514
908
769
195
544
4577
1843
1556
4004
1423
3195
2669
4807
3359
2069
1132
2634
2791
1763
1043
3986
1645
3809
4522
68
3300
4273
205
416
861
4980
1832
2321
1780
3203
2520
2707
923
800
4861
4017
4558
1047
1707
2518
118
3374
2377
2785
4640
3922
2681
1036
2162
936
2680
4823
1738
768
2828
2488
3538
4785
3497
433
4036
2265
4777
961
4993
1495
2535
1744
3210
4356
479
952
2734
1697
1545
2865
2850
4405
3699
927
4322
3866
3417
4649
1254
4010
3342
2892
2648
1359
3547
2852
1072
2293
3420
3227
4335
4012
1704
420
119
1737
1292
2532
4221
1173
1327
1233
4026
1081
3620
4269
125
4754
1912
3071
3516
1115
2147
2738
4729
4833
510
1992
4076
4365
4095
1163
2672
995
2644
2036
512
4908
234
509
4888
1042
2693
389
1916
2608
1765
320
1676
855
1816
1794
5
907
1647
3813
4196
2341
4706
3392
3803
3910
3670
4235
2964
4084
2976
772
1694
4310
4113
749
4394
1312
3727
1896
4692
2832
4937
3798
1321
280
3346
829
4428
1587
3399
3828
4440
2167
362
904
4328
3475
1604
1672
1469
3490
3720
1484
405
3908
753
4090
507
3413
2573
1279
2148
3461
1653
3470
289
1082
2800
2966
1508
4714
2988
3600
1487
1756
3042
4771
196
2165
4151
3171
2294
128
4417
1219
287
3021
2108
4755
1949
3343
2782
2087
2531
4154
3650
4986
885
1058
4844
349
3825
3916
1869
2556
71
2343
3704
2893
3170
4087
4434
427
615
4230
750
701
1294
1643
782
4407
3804
3489
2442
2522
370
1067
1605
366
576
2837
4302
4300
3609
3084
16
2768
4869
3325
2035
1968
4484
563
3503
1860
4931
4056
2615
2941
4134
1809
1602
4727
3567
2716
61
4352
816
3647
589
4158
2654
4145
206
1770
3680
3500
4227
2951
3174
4441
2434
2603
2249
1118
4675
1223
4052
4864
46
2272
1831
2071
2689
540
3894
3267
3079
1232
1442
2169
2997
2980
2903
3427
2777
390
2979
1970
2724
2861
2450
3930
325
2736
2370
875
4226
1530
972
4366
4398
3640
3308
2237
2223
2127
4250
2497
1827
4430
2067
4550
4799
1325
1243
426
546
3854
4947
1306
4746
2943
836
1433
4733
2053
3995
4977
3038
1307
4205
131
1191
1248
2642
1499
4603
3560
3478
3710
2411
837
3106
2958
4933
869
1392
3876
578
3196
1546
2078
640
3483
4212
977
3573
4224
1608
2458
3733
3569
2060
374
482
3274
4751
955
317
703
4241
535
4358
4559
1474
217
2214
2027
1478
4326
2793
3092
3921
1613
4345
1458
2102
3026
4325
1051
263
3788
4895
2424
1094
786
4442
2755
1909
1315
4459
3048
3172
2392
1892
899
4350
126
4642
1818
3759
2271
4975
1234
4774
2658
2451
1239
4960
458
2292
1668
1414
82
2093
3999
2263
1117
1759
3443
1402
4528
1017
3529
1093
3005
2656
2038
3273
4696
951
1982
4081
910
1842
3222
3923
4604
4102
3311
3847
2836
1335
1659
488
1517
963
743
3487
658
1678
2886
2891
3686
3448
3572
3482
257
3180
2100
644
4367
4736
3678
312
1525
2732
4376
1255
4053
1196
1852
1844
526
1727
3827
2422
3608
1237
4882
1476
204
3142
4566
471
935
3436
2639
1864
1660
4690
2323
4769
609
3100
980
1411
1054
3162
1824
288
1610
975
4547
4236
3681
4646
2179
4176
3570
48
4614
1462
2040
1841
3833
3025
4631
1764
981
858
983
1361
3808
216
3013
4304
496
1064
2661
2146
1819
3139
2578
3807
3044
4665
4148
4122
1322
1368
1300
3362
3613
4938
3925
298
4510
3777
491
4094
3494
1593
1003
4349
612
2082
2901
2750
4165
3393
1251
4762
1574
3155
1108
4210
2290
4418
382
3919
2028
3653
3065
979
522
584
1586
3110
3530
2254
1332
3451
3368
767
4222
2032
450
3291
81
1933
3535
4840
1473
3402
4109
2977
2176
302
3905
2173
2625
3312
1395
2240
4609
2059
2304
350
1853
2596
394
1231
4580
318
2740
3423
4057
4421
4539
588
2224
2619
293
2096
4943
3782
3015
1035
516
959
528
170
423
2222
4596
3728
3307
4489
269
892
4483
3646
4323
113
1104
3901
1565
167
3264
2650
3058
2159
1749
2140
4287
1289
2455
3281
2405
1624
2676
1899
177
1281
4523
691
678
607
1249
4974
3763
2643
222
779
2132
3820
4779
267
2476
4922
2357
3544
4450
3815
3395
3269
1791
3246
4512
2577
866
3016
2953
1076
3262
3047
635
1502
2844
3960
882
1479
1942
261
4397
3557
4899
2664
3033
2580
1491
3735
1575
1862
165
2771
4953
4453
3133
152
700
1328
38
595
4361
483
3036
2315
4083
4478
1978
179
4327
1991
1550
1027
1798
2646
1897
2141
831
3333
4625
4552
4962
3931
3250
199
839
2708
3379
1915
729
336
2298
1655
2432
460
3965
3179
139
2467
2616
101
4578
970
4319
3648
4880
721
2954
2118
3191
564
4634
3740
2715
146
1999
2965
4091
2851
1174
2628
1496
1516
1241
26
825
2404
2016
2275
3383
4169
2172
1752
2697
4116
1408
2397
4265
2085
3823
2081
4825
1105
4228
497
1097
1253
1038
2748
4218
1658
3189
3456
4879
1724
802
762
1521
2269
2631
197
808
2300
3336
848
1425
3323
4136
680
1159
4786
2157
1166
1703
545
2268
3131
2117
4575
42
2536
3197
3955
931
934
1216
4316
643
2898
191
1938
3123
1283
3979
487
1186
4653
4100
1695
4613
2063
1367
2586
4902
1052
2507
3147
1944
1413
3313
4802
613
2390
3052
1596
4258
2695
4700
4305
2992
3401
2080
3550
2525
2533
4738
3252
4630
4978
1314
439
3476
1776
3290
2077
474
1492
3256
1310
2138
735
385
178
2773
1475
1538
296
1445
1305
3821
4555
2688
3200
3017
2007
1509
4291
755
1856
2873
4343
2935
290
2783
504
2429
880
942
107
3846
192
1201
4516
2888
648
1025
4737
4119
3003
558
3471
3604
417
3542
3893
3719
3993
2217
4498
2242
3644
4569
72
332
1153
2900
3419
2092
1671
3319
4108
2929
3936
4199
4918
105
282
1098
3130
1666
4321
279
2917
1802
1329
4385
860
1343
842
2334
2560
4124
1334
1152
1857
1636
1977
3967
1070
4820
883
2365
1955
2340
4827
4168
1957
2545
3830
591
4408
2605
2
3611
1330
94
4764
2247
2882
4344
2005
4444
2868
2402
1236
184
182
736
679
991
4128
3376
2239
1584
1973
2633
932
2101
1170
2931
2417
1415
2690
4439
1958
144
4711
1205
1753
194
2830
3286
571
3724
4758
3695
3185
1211
3722
4041
174
599
473
2797
4984
3629
2595
3085
4800
163
3805
4256
2106
4093
763
4836
1858
1079
3039
4683
4409
632
3980
4359
2281
4514
1119
4114
3913
270
3183
33
4070
4890
3259
2731
3862
2089
3101
4446
1833
2728
2855
1486
1412
2506
3032
811
3465
2111
3679
684
1917
1762
747
1796
2123
1298
947
2706
4508
1339
3292
24
2307
1221
1953
2500
2990
4213
3789
3656
1736
396
457
1134
3957
4896
993
1807
10
4531
1975
2653
4141
30
3631
1206
4628
531
2125
4643
180
4283
265
1788
4388
602
570
2367
4406
3024
123
4382
1740
3729
1019
4794
1536
4694
4900
1748
1296
3926
4813
3667
3232
870
3933
708
1541
4383
600
2483
2562
2362
4950
1985
3070
4157
115
4285
1631
3119
2805
1735
4585
3880
4617
1544
3622
4985
4741
2330
4465
2848
2501
2274
2804
3287
1142
2592
1877
4958
3213
4126
2558
4590
2399
1935
864
1652
3076
957
4247
1789
3599
3387
1387
574
897
593
2158
4487
4789
2276
2124
77
3354
3998
159
1087
4996
3774
305
663
3398
1349
3610
603
913
2739
3983
1932
984
1002
4333
4239
3765
1524
3717
1405
3270
1316
3009
2387
2575
4174
1682
2278
2025
2045
1646
2839
3135
1510
1472
4189
3755
2014
402
2871
2924
4331
3786
4948
2297
2375
1418
3088
3561
3772
1996
3075
3559
3230
1974
3149
4934
854
3676
4608
3877
153
2756
2468
2156
1846
3201
699
2149
520
4105
4765
2679
456
3182
967
3635
3616
2406
1571
4005
4191
2845
619
3108
4766
1620
3280
392
4072
3959
2186
2659
4804
2221
434
2421
2171
890
2031
4963
664
2383
2821
2798
476
2396
3977
1489
557
3271
797
1101
2012
851
387
4688
2611
3255
3138
898
1039
2481
1477
4047
2890
3161
630
2072
1710
1092
4501
2449
560
1311
4254
4686
1018
2838
1902
1616
3491
3565
905
3063
3521
1669
4883
3948
3837
3037
2499
386
360
1012
1900
397
706
2894
4259
756
2767
418
3661
1500
2322
4473
344
4927
3388
3143
262
3438
3956
2703
1638
4262
3581
1364
3093
3819
1779
2409
1250
1665
4073
2875
654
712
711
3883
3296
2758
2514
4623
4734
2589
1275
1589
4618
4897
2874
4457
4002
505
228
1263
4276
4756
529
3137
2816
2914
1391
2131
916
188
3473
2218
1040
1057
536
2412
3145
1747
246
1274
357
4317
2995
922
4497
51
4629
4415
4889
925
4760
4039
920
65
3263
543
933
1870
2770
1130
1337
2504
166
4743
2231
1787
4245
1342
617
1437
432
2674
843
4967
1904
1046
930
1123
2047
1528
4432
2163
2046
2998
4138
4768
4859
207
2751
3206
4381
4353
1129
1847
368
2981
3077
237
429
2701
2801
4606
1266
1720
2991
1901
3761
1065
1109
3842
4651
2448
3971
1569
1034
2983
1004
4476
1803
4674
462
1177
3586
4340
3563
1446
2696
2913
1814
1346
2446
1086
455
4968
2018
3795
1755
1265
2786
1836
945
3177
1578
4753
3337
2815
201
944
1447
2207
2744
4132
87
822
114
1227
3739
4684
4449
1240
112
17
3158
792
719
4183
2194
3949
3706
3341
3892
154
4008
3186
2044
1380
3373
2600
156
4797
3212
2700
4722
1642
2098
3945
2678
1369
2380
4424
1456
4502
1176
472
3449
3089
1388
2846
2802
2858
1576
2733
345
666
3546
4257
3040
371
4810
517
1009
414
2787
4637
1202
2915
2465
4507
2391
2959
846
1717
1548
2684
1136
311
562
688
1146
4669
2909
1943
2563
2932
2034
1926
56
4301
2528
2366
309
2057
3253
572
4330
4548
4757
523
958
85
1297
4780
3718
3190
2835
3030
865
2470
4691
1088
2548
2876
57
1344
3794
2808
2216
3884
3424
3234
172
4546
4403
3726
3054
1179
2647
2410
134
3860
413
3702
4964
1226
2581
4720
3122
4594
592
1353
3115
359
324
3836
634
985
2566
893
3543
901
973
2394
3601
521
1750
3674
3415
4658
2066
1558
2717
4225
391
169
4161
1229
3408
3745
1994
3812
3898
1531
2569
3975
3114
3638
2145
2211
2416
4898
4520
3864
2174
1209
2692
4521
2945
2651
4556
914
422
2374
3683
3637
245
2968
2551
3418
198
4854
4725
775
3303
886
2938
776
258
803
4957
987
2166
1650
3511
140
34
3624
3479
3701
2895
1029
795
2004
4055
3751
266
2243
950
4372
2796
2230
66
3010
400
1168
401
702
484
4339
4098
962
966
4472
4928
596
1722
3851
4891
2083
1207
2084
133
4571
3458
4284
3662
447
2192
2248
454
1861
2073
2352
3928
2139
1905
1505
3504
3385
3606
60
2623
2568
3020
4605
2813
3962
2428
4080
537
3654
3749
22
4884
3416
108
59
3480
2255
4027
1627
307
2604
889
1812
720
3372
4369
4586
2881
4719
2765
621
1379
1745
4712
2960
2479
4901
1808
813
809
3558
2509
3430
1929
2208
3509
310
917
2640
4046
3917
4644
3295
1480
1482
3918
1331
3991
2863
4370
4868
494
243
3731
4511
4219
3173
3367
912
2887
2299
2024
2457
1907
1150
1872
852
3526
2050
2505
2490
787
1085
410
138
1866
453
3568
4120
1559
2933
1767
1401
2199
832
3951
579
322
364
4217
1277
2181
3226
4824
4998
1161
2720
1771
4661
3219
3831
2353
3060
3737
1053
659
3086
3524
4103
676
3598
4679
1257
1010
4231
1894
2944
200
4615
1688
1887
4526
2517
2026
1014
4248
1941
4346
3870
4016
3007
4504
4202
2400
388
4965
4524
4313
3707
3322
3245
4261
1494
2827
4814
3163
27
4368
611
1450
4660
3371
158
4865
2877
2925
2079
4048
1951
1440
2236
3150
3502
2834
3224
122
2068
4170
4773
21
3944
3055
2920
4178
3176
4197
3583
2133
1120
4562
1891
1649
1374
2742
2055
4812
1557
2999
4873
622
2314
3852
4795
2803
3721
2492
2774
1259
3723
3607
3961
28
1157
4089
1564
4232
1261
148
3098
660
2759
3938
74
3205
3410
4893
989
4425
2866
3059
2441
1726
3096
3068
1670
2859
1409
1881
2719
4782
3304
187
4167
1911
3169
2636
761
3000
3233
3747
2582
1998
1336
4659
2454
834
2196
4847
4925
1733
3128
575
2860
754
3736
1383
383
2338
4455
4037
3107
2426
1192
4058
1956
2526
1746
548
982
3340
3069
4427
2691
424
218
2030
2017
3617
2065
2220
3488
647
4852
2473
4354
4591
527
3041
4542
4648
673
1906
4567
372
2097
1171
4676
1825
3947
3457
3400
3688
3258
2912
4011
3714
3889
67
3377
4180
745
2956
3579
804
2614
1290
4936
3347
3460
4173
976
4990
2190
3566
1580
4
4404
1963
3605
3939
2541
3328
1952
4866
1023
1988
2312
3447
2368
1021
566
4033
1598
98
3326
3903
4816
4713
1020
106
3117
4787
3642
2183
2807
1674
1365
2847
2781
2425
375
2076
2831
3072
3404
4834
748
2711
4791
3964
674
3406
286
3067
4092
2677
1245
37
4929
814
36
4318
4818
4715
3167
145
608
2151
2250
2477
4387
2554
4583
1534
3934
877
4541
2121
4156
3904
2811
2792
4671
1774
2819
4881
4435
343
1590
3355
3332
3826
3762
4563
2238
4009
3389
582
601
428
1299
1784
2342
2153
1777
1001
533
871
4348
2984
1673
3428
791
102
4952
3276
2291
1692
3160
2527
1568
1986
1394
3950
656
3523
675
1805
2260
4399
3935
2496
4731
670
3874
3890
466
2557
704
1135
2175
459
3824
2878
3540
4849
1972
1595
760
2453
4280
4296
2546
1439
3198
3152
2168
3924
2135
4745
3799
1821
1351
1194
3822
788
597
2401
3943
618
3469
2320
2826
3462
1654
2288
411
4468
2591
249
2841
2234
1078
3602
3525
4187
3553
4275
3459
4355
1184
4060
1570
2778
3651
446
3022
3019
3985
3630
4597
1815
1208
3896
220
1270
853
2210
2817
3742
2253
1680
2516
3215
4853
78
1075
4160
2947
1728
2571
4851
3184
1273
4536
2283
3272
1276
1696
4389
3592
1485
1156
1971
3859
3407
1137
628
3990
4391
1845
2590
1993
3066
295
11
361
554
403
1127
4636
4186
4411
1213
1630
771
2091
4436
3746
4955
3657
143
2395
4182
774
2431
7
4924
3330
4018
3365
3887
1810
2939
1304
3164
4494
3175
2842
4392
2161
4739
141
681
3352
4099
3591
2620
4732
3411
3989
348
3344
1089
2597
331
493
4944
3697
3713
4638
996
1111
2683
1302
1603
3564
3244
1893
4770
697
4078
3687
4290
135
4903
1354
4279
1385
4877
3911
4581
4672
1566
3467
4781
741
1102
690
4085
3994
4885
3869
633
4014
2241
3208
604
4363
3832
45
2784
4513
2001
80
511
1258
2594
1969
4448
3481
3049
109
1849
2884
924
437
4013
685
1183
707
1711
84
4378
4211
3012
559
1555
363
3829
4848
4793
2936
653
2799
4822
515
3134
4515
3619
4149
4576
1563
3554
3289
272
1235
805
1946
1681
4930
384
725
1990
4374
54
3895
3685
1178
4188
3472
4969
2209
1028
614
3858
4474
4595
881
2435
3593
303
2856
2403
997
41
1599
1400
3429
4079
3120
636
4761
3349
3081
2325
4693
4610
3279
2524
1454
3223
4999
1069
4460
4530
2726
1404
127
3793
3673
1269
55
4904
1278
438
2415
1706
4201
2257
513
1800
3966
2637
3327
4796
2459
2713
3698
274
3621
297
2543
1062
1435
1466
2897
2122
1324
4492
724
2749
3409
2126
2178
2829
247
490
3522
2317
1427
4956
4549
2264
2388
4945
3104
2896
492
4695
3539
4215
4471
2002
4034
903
3261
3806
124
1398
812
1172
4983
2195
4338
225
2359
4506
4678
3073
3285
260
3414
1597
4830
4503
1506
2745
1928
137
2344
2143
1203
64
334
3463
1751
4582
3533
58
254
2324
1533
1622
2727
1543
2494
906
2632
859
4670
542
3496
3118
3329
541
677
2930
4395
2867
2311
1760
4416
4031
3283
1962
568
773
2193
1188
1100
2061
353
4747
4067
486
2570
2942
683
4838
1804
328
3520
2493
3314
3738
268
1055
346
3441
1260
2331
926
2760
3434
2989
1539
887
833
351
3752
4702
2854
4860
1514
3097
1452
3265
1262
737
4479
2090
2484
2794
3885
1141
4946
2753
894
3235
2567
3194
631
1606
783
1421
1375
2347
2630
2503
1567
2883
4022
4710
2023
419
1461
378
1371
3315
4282
4271
4519
3381
3178
1848
1457
299
1761
2413
874
2971
4152
2766
3801
1619
255
4477
3375
1467
3188
1714
727
1372
210
3872
1526
3758
3103
1144
3
1772
4723
2843
4086
1128
561
1639
1180
352
1629
1030
3843
4332
965
1449
4402
1743
1333
2657
3378
709
4246
5000
911
2668
4867
1215
3920
1898
4309
1615
142
3043
1778
1552
4887
4819
3297
3237
3211
1187
1124
3254
3396
4003
888
4740
2349
2905
501
3665
1519
4065
3053
445
4728
4811
498
3046
3204
3168
3248
2593
4805
4266
590
4538
2270
338
1875
1217
2205
4200
2423
3136
4437
395
823
876
728
4386
4172
2144
259
4177
824
2622
2372
4697
765
35
1358
1424
661
999
4705
2511
4703
1837
2710
827
2723
2188
652
3675
3243
2922
3628
1285
31
1644
181
1871
2694
3302
1795
2407
4565
1677
2099
2872
3981
2313
4493
3236
1200
838
4295
4835
1406
340
3140
4131
3257
1908
2129
3277
2303
4855
1918
1199
2655
1581
2296
2371
3014
1309
4433
1829
2973
1431
2235
412
2469
1588
2523
330
1366
162
3453
1709
4981
9
1107
1048
2213
2219
3639
319
2182
4988
2408
1542
481
235
868
1246
465
173
4561
4308
730
240
49
1811
1181
4621
696
835
2602
2252
3361
2779
2164
4589
2972
4806
4237
4423
4163
642
176
2319
3927
4255
3023
408
238
2584
377
15
2332
4223
1389
4475
449
1966
2191
3580
3849
651
2961
764
1890
1428
3199
3664
4991
2928
3468
2456
4470
616
1507
4426
1022
594
891
794
3510
1960
4759
1532
2355
693
799
4268
202
4028
3412
97
3929
1197
3668
3001
1026
2212
4220
752
2430
3357
778
168
4111
4763
3972
2215
2864
1011
444
689
3954
731
4624
4724
3446
3356
815
1448
468
2927
2480
2665
3841
232
3397
3440
2946
946
1252
1790
3844
4206
1071
407
62
3187
1453
300
2273
4286
650
4277
4846
569
2521
4652
3294
308
475
3486
1165
6
3902
4744
1103
1976
4040
224
1214
1198
4645
365
2624
2601
2115
4829
4554
1874
3437
759
2790
2103
4419
1835
4907
3335
1438
2048
2869
1399
525
3464
1961
1356
1303
671
4635
1617
4841
2937
1683
1731
421
726
1348
3633
662
4817
1822
3942
4633
2295
1984
3684
780
2437
1370
4913
2612
4500
3454
4209
1033
3690
4579
3988
301
2282
2487
567
1320
4699
3485
1783
3425
919
2969
723
3692
1463
742
2041
4337
4023
369
1527
4790
4525
3716
3796
2160
810
120
4155
4360
2489
4007
2262
4709
4253
4622
227
2113
4941
4181
598
580
1056
3669
2508
3881
3141
2109
3741
283
524
1416
1175
440
3603
337
151
3791
710
4303
3677
379
3970
1886
3515
4966
4682
1863
4410
4921
4281
1989
4413
1522
538
1293
1138
1396
1212
3034
2585
992
406
2761
1518
226
3875
508
1662
3778
4288
3582
2618
4809
3452
686
1648
3351
2197
1126
3450
1410
373
242
2788
3856
3154
2660
4654
1701
1939
974
1980
655
2862
2940
2809
2822
215
4485
1712
3111
4088
3156
2857
1256
1607
3909
1713
1560
1338
315
3382
828
4193
2698
2258
1384
2776
4620
4029
327
1247
4069
3366
4923
4229
3229
2020
1591
2555
1830
1185
3116
189
3153
1675
485
3969
3090
1441
2752
478
1045
1460
1106
212
2284
1167
2110
3477
937
2565
4871
4049
3900
2537
4384
2495
4574
3643
4537
715
3940
3364
1230
2574
3278
847
552
915
1340
2107
4244
3941
2419
790
2587
3987
1318
3984
4752
380
3391
4293
3045
3976
818
2346
2986
2671
4153
4422
1716
469
1554
1015
129
550
4767
3703
3309
1182
2466
3144
4292
757
1882
3124
4050
2233
4306
1350
3386
95
4545
3293
1895
948
502
716
3057
4505
4815
4311
1693
53
4024
1954
4748
4175
3725
2910
3495
2052
292
50
3493
3783
586
2849
4667
857
1443
1323
2775
3578
2609
1345
2544
4054
2769
3588
