500
471
375
469
349
484
398
321
437
188
112
83
260
391
61
308
251
175
158
392
365
42
258
40
319
29
266
185
443
235
56
59
427
428
441
209
16
455
379
245
353
169
414
460
247
107
91
347
109
401
483
468
281
464
177
63
327
52
450
17
297
173
53
18
241
456
41
352
318
419
125
298
259
87
60
171
32
131
488
221
182
342
216
294
390
463
70
105
99
440
81
43
147
432
155
356
449
113
400
129
4
371
411
44
439
360
202
351
34
341
174
474
93
454
145
128
48
343
273
380
217
448
280
435
374
284
274
73
58
45
27
442
172
413
220
315
228
416
445
148
311
19
254
461
314
320
146
80
317
479
84
46
106
37
218
96
104
283
13
332
475
423
237
248
204
466
252
313
330
115
102
383
354
291
444
231
163
215
78
219
324
253
149
101
141
492
223
406
67
426
62
57
270
310
366
433
436
111
33
409
285
31
122
345
8
300
240
170
410
346
150
337
431
452
138
451
494
499
49
65
289
334
323
103
132
333
134
118
110
30
214
39
267
224
143
493
387
388
491
408
165
447
85
407
211
164
24
340
222
117
265
12
213
470
402
77
481
290
415
275
405
394
358
193
210
306
7
133
9
272
393
246
328
322
364
121
457
11
389
79
66
206
250
176
6
199
180
263
296
485
372
467
238
119
142
430
370
192
14
15
381
264
403
478
212
196
186
152
373
348
154
140
198
38
21
156
137
482
68
490
201
412
384
417
50
473
144
424
312
299
35
261
396
368
282
160
47
22
249
151
489
233
486
161
236
277
191
10
301
179
477
71
242
395
399
239
256
123
279
197
25
226
359
377
208
472
89
230
382
378
369
495
5
376
316
302
90
476
135
336
64
309
114
287
257
462
498
350
28
344
126
286
94
497
459
404
326
167
166
130
234
292
386
438
20
225
108
95
269
124
418
268
422
276
74
100
190
325
421
139
194
420
446
181
425
153
116
458
278
453
136
244
23
496
338
86
335
307
157
397
36
168
3
127
434
229
271
187
195
76
243
331
329
465
120
88
69
97
189
162
480
339
200
429
305
295
362
357
500
385
355
487
26
227
304
203
367
363
2
82
159
255
98
361
303
75
232
293
92
178
51
288
207
1
262
205
72
183
54
184
55
